# spin-wave spectrum computed from ComputeSpinWave.java code
# computed at : 2015/01/23 18:00:19
# check out https://github.com/Eunsong/SpinDynamicsSimulator for most recent updates
#      k     omega  S[k][w]
  0.0000    0.0000  3.921e+03
  0.0000    0.0500  9.315e+01
  0.0000    0.1000  7.690e+01
  0.0000    0.1500  6.069e+01
  0.0000    0.2000  4.967e+01
  0.0000    0.2500  4.199e+01
  0.0000    0.3000  3.507e+01
  0.0000    0.3500  2.799e+01
  0.0000    0.4000  2.225e+01
  0.0000    0.4500  1.802e+01
  0.0000    0.5000  1.437e+01
  0.0000    0.5500  1.096e+01
  0.0000    0.6000  7.922e+00
  0.0000    0.6500  5.288e+00
  0.0000    0.7000  4.648e+00
  0.0000    0.7500  4.153e+00
  0.0000    0.8000  3.766e+00
  0.0000    0.8500  3.432e+00
  0.0000    0.9000  3.133e+00
  0.0000    0.9500  2.889e+00
  0.0000    1.0000  2.687e+00
  0.0000    1.0500  2.499e+00
  0.0000    1.1000  2.326e+00
  0.0000    1.1500  2.372e+00
  0.0000    1.2000  3.084e+00
  0.0000    1.2500  3.726e+00
  0.0000    1.3000  4.235e+00
  0.0000    1.3500  4.508e+00
  0.0000    1.4000  4.529e+00
  0.0000    1.4500  4.458e+00
  0.0000    1.5000  4.309e+00
  0.0000    1.5500  3.962e+00
  0.0000    1.6000  3.471e+00
  0.0000    1.6500  2.886e+00
  0.0000    1.7000  2.221e+00
  0.0000    1.7500  1.567e+00
  0.0000    1.8000  1.305e+00
  0.0000    1.8500  1.290e+00
  0.0000    1.9000  1.267e+00
  0.0000    1.9500  1.438e+00
  0.0000    2.0000  1.521e+00
  0.0000    2.0500  1.526e+00
  0.0000    2.1000  1.468e+00
  0.0000    2.1500  1.354e+00
  0.0000    2.2000  1.190e+00
  0.0000    2.2500  1.119e+00
  0.0000    2.3000  1.073e+00
  0.0000    2.3500  1.170e+00
  0.0000    2.4000  1.603e+00
  0.0000    2.4500  2.030e+00
  0.0000    2.5000  2.356e+00
  0.0000    2.5500  2.488e+00
  0.0000    2.6000  2.488e+00
  0.0000    2.6500  2.466e+00
  0.0000    2.7000  2.388e+00
  0.0000    2.7500  2.191e+00
  0.0000    2.8000  1.888e+00
  0.0000    2.8500  1.535e+00
  0.0000    2.9000  1.182e+00
  0.0000    2.9500  9.605e-01
  0.0000    3.0000  1.003e+00
  0.0000    3.0500  1.186e+00
  0.0000    3.1000  1.359e+00
  0.0000    3.1500  1.499e+00
  0.0000    3.2000  1.576e+00
  0.0000    3.2500  1.629e+00
  0.0000    3.3000  1.644e+00
  0.0000    3.3500  1.642e+00
  0.0000    3.4000  1.665e+00
  0.0000    3.4500  1.680e+00
  0.0000    3.5000  1.709e+00
  0.0000    3.5500  2.082e+00
  0.0000    3.6000  2.672e+00
  0.0000    3.6500  3.426e+00
  0.0000    3.7000  4.491e+00
  0.0000    3.7500  6.064e+00
  0.0000    3.8000  8.731e+00
  0.0000    3.8500  1.375e+01
  0.0000    3.9000  2.409e+01
  0.0000    3.9500  4.479e+01
  0.0000    4.0000  6.263e+01
  0.0000    4.0500  4.560e+01
  0.0000    4.1000  2.556e+01
  0.0000    4.1500  1.511e+01
  0.0000    4.2000  9.967e+00
  0.0000    4.2500  7.173e+00
  0.0000    4.3000  5.528e+00
  0.0000    4.3500  4.468e+00
  0.0000    4.4000  3.728e+00
  0.0000    4.4500  3.168e+00
  0.0000    4.5000  2.710e+00
  0.0000    4.5500  2.343e+00
  0.0000    4.6000  2.017e+00
  0.0000    4.6500  1.729e+00
  0.0000    4.7000  1.562e+00
  0.0000    4.7500  1.555e+00
  0.0000    4.8000  1.554e+00
  0.0000    4.8500  1.555e+00
  0.0000    4.9000  1.540e+00
  0.0000    4.9500  1.507e+00
  0.0000    5.0000  0.000e+00

  0.0385    0.0000  6.100e+00
  0.0385    0.0500  5.346e+00
  0.0385    0.1000  3.257e+00
  0.0385    0.1500  4.617e+00
  0.0385    0.2000  9.765e+00
  0.0385    0.2500  2.003e+01
  0.0385    0.3000  3.639e+01
  0.0385    0.3500  4.776e+01
  0.0385    0.4000  4.252e+01
  0.0385    0.4500  3.239e+01
  0.0385    0.5000  2.445e+01
  0.0385    0.5500  1.882e+01
  0.0385    0.6000  1.485e+01
  0.0385    0.6500  1.188e+01
  0.0385    0.7000  9.830e+00
  0.0385    0.7500  8.371e+00
  0.0385    0.8000  7.144e+00
  0.0385    0.8500  6.140e+00
  0.0385    0.9000  5.378e+00
  0.0385    0.9500  4.711e+00
  0.0385    1.0000  4.234e+00
  0.0385    1.0500  3.859e+00
  0.0385    1.1000  3.476e+00
  0.0385    1.1500  3.117e+00
  0.0385    1.2000  2.833e+00
  0.0385    1.2500  2.628e+00
  0.0385    1.3000  2.416e+00
  0.0385    1.3500  2.237e+00
  0.0385    1.4000  2.088e+00
  0.0385    1.4500  1.985e+00
  0.0385    1.5000  1.934e+00
  0.0385    1.5500  1.854e+00
  0.0385    1.6000  1.799e+00
  0.0385    1.6500  1.733e+00
  0.0385    1.7000  1.621e+00
  0.0385    1.7500  1.487e+00
  0.0385    1.8000  1.415e+00
  0.0385    1.8500  1.370e+00
  0.0385    1.9000  1.324e+00
  0.0385    1.9500  1.297e+00
  0.0385    2.0000  1.267e+00
  0.0385    2.0500  1.238e+00
  0.0385    2.1000  1.228e+00
  0.0385    2.1500  1.241e+00
  0.0385    2.2000  1.269e+00
  0.0385    2.2500  1.270e+00
  0.0385    2.3000  1.202e+00
  0.0385    2.3500  1.110e+00
  0.0385    2.4000  1.084e+00
  0.0385    2.4500  1.105e+00
  0.0385    2.5000  1.121e+00
  0.0385    2.5500  1.095e+00
  0.0385    2.6000  1.040e+00
  0.0385    2.6500  1.014e+00
  0.0385    2.7000  1.044e+00
  0.0385    2.7500  1.077e+00
  0.0385    2.8000  1.043e+00
  0.0385    2.8500  9.675e-01
  0.0385    2.9000  9.535e-01
  0.0385    2.9500  9.824e-01
  0.0385    3.0000  9.879e-01
  0.0385    3.0500  9.580e-01
  0.0385    3.1000  9.498e-01
  0.0385    3.1500  9.949e-01
  0.0385    3.2000  1.000e+00
  0.0385    3.2500  1.013e+00
  0.0385    3.3000  1.102e+00
  0.0385    3.3500  1.198e+00
  0.0385    3.4000  1.337e+00
  0.0385    3.4500  1.506e+00
  0.0385    3.5000  1.718e+00
  0.0385    3.5500  2.034e+00
  0.0385    3.6000  2.453e+00
  0.0385    3.6500  3.075e+00
  0.0385    3.7000  4.051e+00
  0.0385    3.7500  5.589e+00
  0.0385    3.8000  8.230e+00
  0.0385    3.8500  1.326e+01
  0.0385    3.9000  2.370e+01
  0.0385    3.9500  4.446e+01
  0.0385    4.0000  6.252e+01
  0.0385    4.0500  4.561e+01
  0.0385    4.1000  2.556e+01
  0.0385    4.1500  1.508e+01
  0.0385    4.2000  9.791e+00
  0.0385    4.2500  6.882e+00
  0.0385    4.3000  5.146e+00
  0.0385    4.3500  4.044e+00
  0.0385    4.4000  3.289e+00
  0.0385    4.4500  2.764e+00
  0.0385    4.5000  2.375e+00
  0.0385    4.5500  2.085e+00
  0.0385    4.6000  1.852e+00
  0.0385    4.6500  1.674e+00
  0.0385    4.7000  1.529e+00
  0.0385    4.7500  1.413e+00
  0.0385    4.8000  1.316e+00
  0.0385    4.8500  1.232e+00
  0.0385    4.9000  1.162e+00
  0.0385    4.9500  1.101e+00
  0.0385    5.0000  0.000e+00

  0.0769    0.0000  1.347e+00
  0.0769    0.0500  1.307e+00
  0.0769    0.1000  1.208e+00
  0.0769    0.1500  1.158e+00
  0.0769    0.2000  1.245e+00
  0.0769    0.2500  1.373e+00
  0.0769    0.3000  1.640e+00
  0.0769    0.3500  2.287e+00
  0.0769    0.4000  3.288e+00
  0.0769    0.4500  4.966e+00
  0.0769    0.5000  7.810e+00
  0.0769    0.5500  1.298e+01
  0.0769    0.6000  2.242e+01
  0.0769    0.6500  3.710e+01
  0.0769    0.7000  4.783e+01
  0.0769    0.7500  4.468e+01
  0.0769    0.8000  3.261e+01
  0.0769    0.8500  2.257e+01
  0.0769    0.9000  1.615e+01
  0.0769    0.9500  1.199e+01
  0.0769    1.0000  9.338e+00
  0.0769    1.0500  7.606e+00
  0.0769    1.1000  6.359e+00
  0.0769    1.1500  5.348e+00
  0.0769    1.2000  4.591e+00
  0.0769    1.2500  4.031e+00
  0.0769    1.3000  3.549e+00
  0.0769    1.3500  3.157e+00
  0.0769    1.4000  2.848e+00
  0.0769    1.4500  2.655e+00
  0.0769    1.5000  2.512e+00
  0.0769    1.5500  2.316e+00
  0.0769    1.6000  2.134e+00
  0.0769    1.6500  1.998e+00
  0.0769    1.7000  1.895e+00
  0.0769    1.7500  1.803e+00
  0.0769    1.8000  1.733e+00
  0.0769    1.8500  1.669e+00
  0.0769    1.9000  1.597e+00
  0.0769    1.9500  1.528e+00
  0.0769    2.0000  1.412e+00
  0.0769    2.0500  1.292e+00
  0.0769    2.1000  1.248e+00
  0.0769    2.1500  1.258e+00
  0.0769    2.2000  1.267e+00
  0.0769    2.2500  1.273e+00
  0.0769    2.3000  1.263e+00
  0.0769    2.3500  1.238e+00
  0.0769    2.4000  1.201e+00
  0.0769    2.4500  1.154e+00
  0.0769    2.5000  1.129e+00
  0.0769    2.5500  1.113e+00
  0.0769    2.6000  1.086e+00
  0.0769    2.6500  1.061e+00
  0.0769    2.7000  1.070e+00
  0.0769    2.7500  1.107e+00
  0.0769    2.8000  1.103e+00
  0.0769    2.8500  1.066e+00
  0.0769    2.9000  1.052e+00
  0.0769    2.9500  1.086e+00
  0.0769    3.0000  1.084e+00
  0.0769    3.0500  9.993e-01
  0.0769    3.1000  9.331e-01
  0.0769    3.1500  9.135e-01
  0.0769    3.2000  9.151e-01
  0.0769    3.2500  1.005e+00
  0.0769    3.3000  1.094e+00
  0.0769    3.3500  1.188e+00
  0.0769    3.4000  1.329e+00
  0.0769    3.4500  1.524e+00
  0.0769    3.5000  1.761e+00
  0.0769    3.5500  2.068e+00
  0.0769    3.6000  2.499e+00
  0.0769    3.6500  3.134e+00
  0.0769    3.7000  4.070e+00
  0.0769    3.7500  5.581e+00
  0.0769    3.8000  8.242e+00
  0.0769    3.8500  1.331e+01
  0.0769    3.9000  2.381e+01
  0.0769    3.9500  4.475e+01
  0.0769    4.0000  6.252e+01
  0.0769    4.0500  4.533e+01
  0.0769    4.1000  2.539e+01
  0.0769    4.1500  1.500e+01
  0.0769    4.2000  9.744e+00
  0.0769    4.2500  6.862e+00
  0.0769    4.3000  5.134e+00
  0.0769    4.3500  4.032e+00
  0.0769    4.4000  3.286e+00
  0.0769    4.4500  2.758e+00
  0.0769    4.5000  2.365e+00
  0.0769    4.5500  2.075e+00
  0.0769    4.6000  1.845e+00
  0.0769    4.6500  1.667e+00
  0.0769    4.7000  1.523e+00
  0.0769    4.7500  1.409e+00
  0.0769    4.8000  1.318e+00
  0.0769    4.8500  1.237e+00
  0.0769    4.9000  1.161e+00
  0.0769    4.9500  1.100e+00
  0.0769    5.0000  0.000e+00

  0.1154    0.0000  9.112e-01
  0.1154    0.0500  8.932e-01
  0.1154    0.1000  8.491e-01
  0.1154    0.1500  8.149e-01
  0.1154    0.2000  8.416e-01
  0.1154    0.2500  8.910e-01
  0.1154    0.3000  9.007e-01
  0.1154    0.3500  8.759e-01
  0.1154    0.4000  9.169e-01
  0.1154    0.4500  1.062e+00
  0.1154    0.5000  1.270e+00
  0.1154    0.5500  1.527e+00
  0.1154    0.6000  1.900e+00
  0.1154    0.6500  2.408e+00
  0.1154    0.7000  3.161e+00
  0.1154    0.7500  4.309e+00
  0.1154    0.8000  6.125e+00
  0.1154    0.8500  9.255e+00
  0.1154    0.9000  1.482e+01
  0.1154    0.9500  2.469e+01
  0.1154    1.0000  3.878e+01
  0.1154    1.0500  4.839e+01
  0.1154    1.1000  4.257e+01
  0.1154    1.1500  2.990e+01
  0.1154    1.2000  2.010e+01
  0.1154    1.2500  1.409e+01
  0.1154    1.3000  1.030e+01
  0.1154    1.3500  7.873e+00
  0.1154    1.4000  6.287e+00
  0.1154    1.4500  5.236e+00
  0.1154    1.5000  4.521e+00
  0.1154    1.5500  3.914e+00
  0.1154    1.6000  3.447e+00
  0.1154    1.6500  3.083e+00
  0.1154    1.7000  2.763e+00
  0.1154    1.7500  2.501e+00
  0.1154    1.8000  2.306e+00
  0.1154    1.8500  2.151e+00
  0.1154    1.9000  1.993e+00
  0.1154    1.9500  1.849e+00
  0.1154    2.0000  1.733e+00
  0.1154    2.0500  1.659e+00
  0.1154    2.1000  1.627e+00
  0.1154    2.1500  1.621e+00
  0.1154    2.2000  1.618e+00
  0.1154    2.2500  1.555e+00
  0.1154    2.3000  1.403e+00
  0.1154    2.3500  1.279e+00
  0.1154    2.4000  1.261e+00
  0.1154    2.4500  1.259e+00
  0.1154    2.5000  1.230e+00
  0.1154    2.5500  1.189e+00
  0.1154    2.6000  1.175e+00
  0.1154    2.6500  1.167e+00
  0.1154    2.7000  1.155e+00
  0.1154    2.7500  1.139e+00
  0.1154    2.8000  1.120e+00
  0.1154    2.8500  1.116e+00
  0.1154    2.9000  1.114e+00
  0.1154    2.9500  1.096e+00
  0.1154    3.0000  1.068e+00
  0.1154    3.0500  1.047e+00
  0.1154    3.1000  1.048e+00
  0.1154    3.1500  1.065e+00
  0.1154    3.2000  1.036e+00
  0.1154    3.2500  9.952e-01
  0.1154    3.3000  1.078e+00
  0.1154    3.3500  1.190e+00
  0.1154    3.4000  1.336e+00
  0.1154    3.4500  1.515e+00
  0.1154    3.5000  1.754e+00
  0.1154    3.5500  2.069e+00
  0.1154    3.6000  2.497e+00
  0.1154    3.6500  3.138e+00
  0.1154    3.7000  4.117e+00
  0.1154    3.7500  5.694e+00
  0.1154    3.8000  8.440e+00
  0.1154    3.8500  1.366e+01
  0.1154    3.9000  2.449e+01
  0.1154    3.9500  4.579e+01
  0.1154    4.0000  6.247e+01
  0.1154    4.0500  4.435e+01
  0.1154    4.1000  2.481e+01
  0.1154    4.1500  1.471e+01
  0.1154    4.2000  9.589e+00
  0.1154    4.2500  6.764e+00
  0.1154    4.3000  5.065e+00
  0.1154    4.3500  3.989e+00
  0.1154    4.4000  3.253e+00
  0.1154    4.4500  2.739e+00
  0.1154    4.5000  2.353e+00
  0.1154    4.5500  2.063e+00
  0.1154    4.6000  1.833e+00
  0.1154    4.6500  1.655e+00
  0.1154    4.7000  1.520e+00
  0.1154    4.7500  1.404e+00
  0.1154    4.8000  1.310e+00
  0.1154    4.8500  1.224e+00
  0.1154    4.9000  1.158e+00
  0.1154    4.9500  1.097e+00
  0.1154    5.0000  0.000e+00

  0.1538    0.0000  7.653e-01
  0.1538    0.0500  7.478e-01
  0.1538    0.1000  7.142e-01
  0.1538    0.1500  6.958e-01
  0.1538    0.2000  6.979e-01
  0.1538    0.2500  7.362e-01
  0.1538    0.3000  7.352e-01
  0.1538    0.3500  7.135e-01
  0.1538    0.4000  7.332e-01
  0.1538    0.4500  7.794e-01
  0.1538    0.5000  8.174e-01
  0.1538    0.5500  8.512e-01
  0.1538    0.6000  8.680e-01
  0.1538    0.6500  9.470e-01
  0.1538    0.7000  1.050e+00
  0.1538    0.7500  1.184e+00
  0.1538    0.8000  1.354e+00
  0.1538    0.8500  1.585e+00
  0.1538    0.9000  1.906e+00
  0.1538    0.9500  2.337e+00
  0.1538    1.0000  2.918e+00
  0.1538    1.0500  3.794e+00
  0.1538    1.1000  5.123e+00
  0.1538    1.1500  7.296e+00
  0.1538    1.2000  1.104e+01
  0.1538    1.2500  1.774e+01
  0.1538    1.3000  2.949e+01
  0.1538    1.3500  4.359e+01
  0.1538    1.4000  4.697e+01
  0.1538    1.4500  3.712e+01
  0.1538    1.5000  2.519e+01
  0.1538    1.5500  1.690e+01
  0.1538    1.6000  1.187e+01
  0.1538    1.6500  8.828e+00
  0.1538    1.7000  6.885e+00
  0.1538    1.7500  5.595e+00
  0.1538    1.8000  4.679e+00
  0.1538    1.8500  3.999e+00
  0.1538    1.9000  3.432e+00
  0.1538    1.9500  2.965e+00
  0.1538    2.0000  2.644e+00
  0.1538    2.0500  2.433e+00
  0.1538    2.1000  2.271e+00
  0.1538    2.1500  2.133e+00
  0.1538    2.2000  2.023e+00
  0.1538    2.2500  1.955e+00
  0.1538    2.3000  1.860e+00
  0.1538    2.3500  1.741e+00
  0.1538    2.4000  1.642e+00
  0.1538    2.4500  1.606e+00
  0.1538    2.5000  1.581e+00
  0.1538    2.5500  1.469e+00
  0.1538    2.6000  1.302e+00
  0.1538    2.6500  1.229e+00
  0.1538    2.7000  1.226e+00
  0.1538    2.7500  1.222e+00
  0.1538    2.8000  1.194e+00
  0.1538    2.8500  1.154e+00
  0.1538    2.9000  1.141e+00
  0.1538    2.9500  1.156e+00
  0.1538    3.0000  1.158e+00
  0.1538    3.0500  1.121e+00
  0.1538    3.1000  1.109e+00
  0.1538    3.1500  1.143e+00
  0.1538    3.2000  1.147e+00
  0.1538    3.2500  1.104e+00
  0.1538    3.3000  1.111e+00
  0.1538    3.3500  1.219e+00
  0.1538    3.4000  1.353e+00
  0.1538    3.4500  1.503e+00
  0.1538    3.5000  1.721e+00
  0.1538    3.5500  2.080e+00
  0.1538    3.6000  2.570e+00
  0.1538    3.6500  3.248e+00
  0.1538    3.7000  4.288e+00
  0.1538    3.7500  5.941e+00
  0.1538    3.8000  8.860e+00
  0.1538    3.8500  1.446e+01
  0.1538    3.9000  2.618e+01
  0.1538    3.9500  4.852e+01
  0.1538    4.0000  6.193e+01
  0.1538    4.0500  4.180e+01
  0.1538    4.1000  2.337e+01
  0.1538    4.1500  1.400e+01
  0.1538    4.2000  9.221e+00
  0.1538    4.2500  6.554e+00
  0.1538    4.3000  4.937e+00
  0.1538    4.3500  3.888e+00
  0.1538    4.4000  3.175e+00
  0.1538    4.4500  2.677e+00
  0.1538    4.5000  2.306e+00
  0.1538    4.5500  2.025e+00
  0.1538    4.6000  1.809e+00
  0.1538    4.6500  1.638e+00
  0.1538    4.7000  1.506e+00
  0.1538    4.7500  1.394e+00
  0.1538    4.8000  1.302e+00
  0.1538    4.8500  1.219e+00
  0.1538    4.9000  1.143e+00
  0.1538    4.9500  1.088e+00
  0.1538    5.0000  0.000e+00

  0.1923    0.0000  6.860e-01
  0.1923    0.0500  6.756e-01
  0.1923    0.1000  6.585e-01
  0.1923    0.1500  6.441e-01
  0.1923    0.2000  6.500e-01
  0.1923    0.2500  6.679e-01
  0.1923    0.3000  6.700e-01
  0.1923    0.3500  6.585e-01
  0.1923    0.4000  6.716e-01
  0.1923    0.4500  6.953e-01
  0.1923    0.5000  7.092e-01
  0.1923    0.5500  7.285e-01
  0.1923    0.6000  7.329e-01
  0.1923    0.6500  7.298e-01
  0.1923    0.7000  7.430e-01
  0.1923    0.7500  7.697e-01
  0.1923    0.8000  8.119e-01
  0.1923    0.8500  8.690e-01
  0.1923    0.9000  9.390e-01
  0.1923    0.9500  1.026e+00
  0.1923    1.0000  1.124e+00
  0.1923    1.0500  1.232e+00
  0.1923    1.1000  1.385e+00
  0.1923    1.1500  1.594e+00
  0.1923    1.2000  1.869e+00
  0.1923    1.2500  2.231e+00
  0.1923    1.3000  2.747e+00
  0.1923    1.3500  3.497e+00
  0.1923    1.4000  4.606e+00
  0.1923    1.4500  6.399e+00
  0.1923    1.5000  9.381e+00
  0.1923    1.5500  1.470e+01
  0.1923    1.6000  2.410e+01
  0.1923    1.6500  3.791e+01
  0.1923    1.7000  4.646e+01
  0.1923    1.7500  4.204e+01
  0.1923    1.8000  2.991e+01
  0.1923    1.8500  1.967e+01
  0.1923    1.9000  1.327e+01
  0.1923    1.9500  9.438e+00
  0.1923    2.0000  7.114e+00
  0.1923    2.0500  5.682e+00
  0.1923    2.1000  4.746e+00
  0.1923    2.1500  4.065e+00
  0.1923    2.2000  3.560e+00
  0.1923    2.2500  3.182e+00
  0.1923    2.3000  2.849e+00
  0.1923    2.3500  2.549e+00
  0.1923    2.4000  2.322e+00
  0.1923    2.4500  2.168e+00
  0.1923    2.5000  2.030e+00
  0.1923    2.5500  1.875e+00
  0.1923    2.6000  1.731e+00
  0.1923    2.6500  1.652e+00
  0.1923    2.7000  1.641e+00
  0.1923    2.7500  1.605e+00
  0.1923    2.8000  1.462e+00
  0.1923    2.8500  1.307e+00
  0.1923    2.9000  1.274e+00
  0.1923    2.9500  1.258e+00
  0.1923    3.0000  1.232e+00
  0.1923    3.0500  1.223e+00
  0.1923    3.1000  1.231e+00
  0.1923    3.1500  1.219e+00
  0.1923    3.2000  1.203e+00
  0.1923    3.2500  1.202e+00
  0.1923    3.3000  1.196e+00
  0.1923    3.3500  1.265e+00
  0.1923    3.4000  1.415e+00
  0.1923    3.4500  1.596e+00
  0.1923    3.5000  1.834e+00
  0.1923    3.5500  2.168e+00
  0.1923    3.6000  2.652e+00
  0.1923    3.6500  3.397e+00
  0.1923    3.7000  4.560e+00
  0.1923    3.7500  6.439e+00
  0.1923    3.8000  9.773e+00
  0.1923    3.8500  1.638e+01
  0.1923    3.9000  3.019e+01
  0.1923    3.9500  5.382e+01
  0.1923    4.0000  5.942e+01
  0.1923    4.0500  3.699e+01
  0.1923    4.1000  2.078e+01
  0.1923    4.1500  1.269e+01
  0.1923    4.2000  8.497e+00
  0.1923    4.2500  6.110e+00
  0.1923    4.3000  4.655e+00
  0.1923    4.3500  3.703e+00
  0.1923    4.4000  3.046e+00
  0.1923    4.4500  2.582e+00
  0.1923    4.5000  2.237e+00
  0.1923    4.5500  1.973e+00
  0.1923    4.6000  1.765e+00
  0.1923    4.6500  1.602e+00
  0.1923    4.7000  1.467e+00
  0.1923    4.7500  1.361e+00
  0.1923    4.8000  1.274e+00
  0.1923    4.8500  1.192e+00
  0.1923    4.9000  1.127e+00
  0.1923    4.9500  1.070e+00
  0.1923    5.0000  0.000e+00

  0.2308    0.0000  6.352e-01
  0.2308    0.0500  6.323e-01
  0.2308    0.1000  6.243e-01
  0.2308    0.1500  6.210e-01
  0.2308    0.2000  6.224e-01
  0.2308    0.2500  6.352e-01
  0.2308    0.3000  6.360e-01
  0.2308    0.3500  6.277e-01
  0.2308    0.4000  6.355e-01
  0.2308    0.4500  6.499e-01
  0.2308    0.5000  6.625e-01
  0.2308    0.5500  6.799e-01
  0.2308    0.6000  6.848e-01
  0.2308    0.6500  6.828e-01
  0.2308    0.7000  6.803e-01
  0.2308    0.7500  6.716e-01
  0.2308    0.8000  6.694e-01
  0.2308    0.8500  6.901e-01
  0.2308    0.9000  7.153e-01
  0.2308    0.9500  7.480e-01
  0.2308    1.0000  7.788e-01
  0.2308    1.0500  8.167e-01
  0.2308    1.1000  8.570e-01
  0.2308    1.1500  9.103e-01
  0.2308    1.2000  9.732e-01
  0.2308    1.2500  1.049e+00
  0.2308    1.3000  1.153e+00
  0.2308    1.3500  1.277e+00
  0.2308    1.4000  1.419e+00
  0.2308    1.4500  1.621e+00
  0.2308    1.5000  1.882e+00
  0.2308    1.5500  2.238e+00
  0.2308    1.6000  2.726e+00
  0.2308    1.6500  3.432e+00
  0.2308    1.7000  4.489e+00
  0.2308    1.7500  6.159e+00
  0.2308    1.8000  9.040e+00
  0.2308    1.8500  1.419e+01
  0.2308    1.9000  2.342e+01
  0.2308    1.9500  3.700e+01
  0.2308    2.0000  4.559e+01
  0.2308    2.0500  4.237e+01
  0.2308    2.1000  3.075e+01
  0.2308    2.1500  2.024e+01
  0.2308    2.2000  1.371e+01
  0.2308    2.2500  9.835e+00
  0.2308    2.3000  7.416e+00
  0.2308    2.3500  5.837e+00
  0.2308    2.4000  4.778e+00
  0.2308    2.4500  4.028e+00
  0.2308    2.5000  3.462e+00
  0.2308    2.5500  3.015e+00
  0.2308    2.6000  2.664e+00
  0.2308    2.6500  2.431e+00
  0.2308    2.7000  2.261e+00
  0.2308    2.7500  2.109e+00
  0.2308    2.8000  1.982e+00
  0.2308    2.8500  1.868e+00
  0.2308    2.9000  1.800e+00
  0.2308    2.9500  1.758e+00
  0.2308    3.0000  1.657e+00
  0.2308    3.0500  1.466e+00
  0.2308    3.1000  1.341e+00
  0.2308    3.1500  1.300e+00
  0.2308    3.2000  1.265e+00
  0.2308    3.2500  1.251e+00
  0.2308    3.3000  1.252e+00
  0.2308    3.3500  1.291e+00
  0.2308    3.4000  1.461e+00
  0.2308    3.4500  1.696e+00
  0.2308    3.5000  1.992e+00
  0.2308    3.5500  2.398e+00
  0.2308    3.6000  2.970e+00
  0.2308    3.6500  3.824e+00
  0.2308    3.7000  5.128e+00
  0.2308    3.7500  7.458e+00
  0.2308    3.8000  1.178e+01
  0.2308    3.8500  2.044e+01
  0.2308    3.9000  3.827e+01
  0.2308    3.9500  6.059e+01
  0.2308    4.0000  5.180e+01
  0.2308    4.0500  2.966e+01
  0.2308    4.1000  1.705e+01
  0.2308    4.1500  1.079e+01
  0.2308    4.2000  7.439e+00
  0.2308    4.2500  5.473e+00
  0.2308    4.3000  4.243e+00
  0.2308    4.3500  3.414e+00
  0.2308    4.4000  2.841e+00
  0.2308    4.4500  2.430e+00
  0.2308    4.5000  2.117e+00
  0.2308    4.5500  1.880e+00
  0.2308    4.6000  1.691e+00
  0.2308    4.6500  1.536e+00
  0.2308    4.7000  1.421e+00
  0.2308    4.7500  1.322e+00
  0.2308    4.8000  1.235e+00
  0.2308    4.8500  1.169e+00
  0.2308    4.9000  1.103e+00
  0.2308    4.9500  1.048e+00
  0.2308    5.0000  0.000e+00

  0.2692    0.0000  6.122e-01
  0.2692    0.0500  6.130e-01
  0.2692    0.1000  6.065e-01
  0.2692    0.1500  6.002e-01
  0.2692    0.2000  6.070e-01
  0.2692    0.2500  6.090e-01
  0.2692    0.3000  6.130e-01
  0.2692    0.3500  6.054e-01
  0.2692    0.4000  6.051e-01
  0.2692    0.4500  6.142e-01
  0.2692    0.5000  6.249e-01
  0.2692    0.5500  6.344e-01
  0.2692    0.6000  6.348e-01
  0.2692    0.6500  6.340e-01
  0.2692    0.7000  6.397e-01
  0.2692    0.7500  6.392e-01
  0.2692    0.8000  6.404e-01
  0.2692    0.8500  6.541e-01
  0.2692    0.9000  6.522e-01
  0.2692    0.9500  6.619e-01
  0.2692    1.0000  6.686e-01
  0.2692    1.0500  6.817e-01
  0.2692    1.1000  7.080e-01
  0.2692    1.1500  7.365e-01
  0.2692    1.2000  7.498e-01
  0.2692    1.2500  7.792e-01
  0.2692    1.3000  8.019e-01
  0.2692    1.3500  8.317e-01
  0.2692    1.4000  8.754e-01
  0.2692    1.4500  9.232e-01
  0.2692    1.5000  1.011e+00
  0.2692    1.5500  1.100e+00
  0.2692    1.6000  1.200e+00
  0.2692    1.6500  1.321e+00
  0.2692    1.7000  1.473e+00
  0.2692    1.7500  1.680e+00
  0.2692    1.8000  1.976e+00
  0.2692    1.8500  2.368e+00
  0.2692    1.9000  2.925e+00
  0.2692    1.9500  3.742e+00
  0.2692    2.0000  4.972e+00
  0.2692    2.0500  6.923e+00
  0.2692    2.1000  1.028e+01
  0.2692    2.1500  1.637e+01
  0.2692    2.2000  2.714e+01
  0.2692    2.2500  4.051e+01
  0.2692    2.3000  4.615e+01
  0.2692    2.3500  4.046e+01
  0.2692    2.4000  2.791e+01
  0.2692    2.4500  1.808e+01
  0.2692    2.5000  1.223e+01
  0.2692    2.5500  8.786e+00
  0.2692    2.6000  6.681e+00
  0.2692    2.6500  5.310e+00
  0.2692    2.7000  4.388e+00
  0.2692    2.7500  3.748e+00
  0.2692    2.8000  3.278e+00
  0.2692    2.8500  2.916e+00
  0.2692    2.9000  2.636e+00
  0.2692    2.9500  2.400e+00
  0.2692    3.0000  2.214e+00
  0.2692    3.0500  2.032e+00
  0.2692    3.1000  1.901e+00
  0.2692    3.1500  1.861e+00
  0.2692    3.2000  1.738e+00
  0.2692    3.2500  1.496e+00
  0.2692    3.3000  1.385e+00
  0.2692    3.3500  1.381e+00
  0.2692    3.4000  1.586e+00
  0.2692    3.4500  1.853e+00
  0.2692    3.5000  2.201e+00
  0.2692    3.5500  2.693e+00
  0.2692    3.6000  3.388e+00
  0.2692    3.6500  4.552e+00
  0.2692    3.7000  6.463e+00
  0.2692    3.7500  9.765e+00
  0.2692    3.8000  1.624e+01
  0.2692    3.8500  2.974e+01
  0.2692    3.9000  5.274e+01
  0.2692    3.9500  5.962e+01
  0.2692    4.0000  3.808e+01
  0.2692    4.0500  2.125e+01
  0.2692    4.1000  1.286e+01
  0.2692    4.1500  8.563e+00
  0.2692    4.2000  6.142e+00
  0.2692    4.2500  4.663e+00
  0.2692    4.3000  3.694e+00
  0.2692    4.3500  3.027e+00
  0.2692    4.4000  2.557e+00
  0.2692    4.4500  2.221e+00
  0.2692    4.5000  1.962e+00
  0.2692    4.5500  1.753e+00
  0.2692    4.6000  1.584e+00
  0.2692    4.6500  1.451e+00
  0.2692    4.7000  1.348e+00
  0.2692    4.7500  1.262e+00
  0.2692    4.8000  1.185e+00
  0.2692    4.8500  1.124e+00
  0.2692    4.9000  1.061e+00
  0.2692    4.9500  1.014e+00
  0.2692    5.0000  0.000e+00

  0.3077    0.0000  6.004e-01
  0.3077    0.0500  5.953e-01
  0.3077    0.1000  5.881e-01
  0.3077    0.1500  5.869e-01
  0.3077    0.2000  5.886e-01
  0.3077    0.2500  5.950e-01
  0.3077    0.3000  5.940e-01
  0.3077    0.3500  5.858e-01
  0.3077    0.4000  5.895e-01
  0.3077    0.4500  6.000e-01
  0.3077    0.5000  6.079e-01
  0.3077    0.5500  6.174e-01
  0.3077    0.6000  6.189e-01
  0.3077    0.6500  6.200e-01
  0.3077    0.7000  6.167e-01
  0.3077    0.7500  6.215e-01
  0.3077    0.8000  6.145e-01
  0.3077    0.8500  6.192e-01
  0.3077    0.9000  6.198e-01
  0.3077    0.9500  6.252e-01
  0.3077    1.0000  6.343e-01
  0.3077    1.0500  6.418e-01
  0.3077    1.1000  6.436e-01
  0.3077    1.1500  6.409e-01
  0.3077    1.2000  6.517e-01
  0.3077    1.2500  6.679e-01
  0.3077    1.3000  6.749e-01
  0.3077    1.3500  6.889e-01
  0.3077    1.4000  7.234e-01
  0.3077    1.4500  7.519e-01
  0.3077    1.5000  7.849e-01
  0.3077    1.5500  8.111e-01
  0.3077    1.6000  8.478e-01
  0.3077    1.6500  8.849e-01
  0.3077    1.7000  9.262e-01
  0.3077    1.7500  9.888e-01
  0.3077    1.8000  1.074e+00
  0.3077    1.8500  1.172e+00
  0.3077    1.9000  1.302e+00
  0.3077    1.9500  1.448e+00
  0.3077    2.0000  1.640e+00
  0.3077    2.0500  1.882e+00
  0.3077    2.1000  2.233e+00
  0.3077    2.1500  2.734e+00
  0.3077    2.2000  3.452e+00
  0.3077    2.2500  4.527e+00
  0.3077    2.3000  6.182e+00
  0.3077    2.3500  8.951e+00
  0.3077    2.4000  1.398e+01
  0.3077    2.4500  2.324e+01
  0.3077    2.5000  3.713e+01
  0.3077    2.5500  4.610e+01
  0.3077    2.6000  4.374e+01
  0.3077    2.6500  3.187e+01
  0.3077    2.7000  2.044e+01
  0.3077    2.7500  1.349e+01
  0.3077    2.8000  9.491e+00
  0.3077    2.8500  7.103e+00
  0.3077    2.9000  5.590e+00
  0.3077    2.9500  4.571e+00
  0.3077    3.0000  3.854e+00
  0.3077    3.0500  3.332e+00
  0.3077    3.1000  2.945e+00
  0.3077    3.1500  2.666e+00
  0.3077    3.2000  2.451e+00
  0.3077    3.2500  2.263e+00
  0.3077    3.3000  2.148e+00
  0.3077    3.3500  2.029e+00
  0.3077    3.4000  1.793e+00
  0.3077    3.4500  2.070e+00
  0.3077    3.5000  2.524e+00
  0.3077    3.5500  3.312e+00
  0.3077    3.6000  4.425e+00
  0.3077    3.6500  6.182e+00
  0.3077    3.7000  9.290e+00
  0.3077    3.7500  1.519e+01
  0.3077    3.8000  2.738e+01
  0.3077    3.8500  4.920e+01
  0.3077    3.9000  6.032e+01
  0.3077    3.9500  4.165e+01
  0.3077    4.0000  2.340e+01
  0.3077    4.0500  1.378e+01
  0.3077    4.1000  8.997e+00
  0.3077    4.1500  6.377e+00
  0.3077    4.2000  4.811e+00
  0.3077    4.2500  3.784e+00
  0.3077    4.3000  3.081e+00
  0.3077    4.3500  2.591e+00
  0.3077    4.4000  2.226e+00
  0.3077    4.4500  1.958e+00
  0.3077    4.5000  1.753e+00
  0.3077    4.5500  1.589e+00
  0.3077    4.6000  1.459e+00
  0.3077    4.6500  1.347e+00
  0.3077    4.7000  1.261e+00
  0.3077    4.7500  1.188e+00
  0.3077    4.8000  1.117e+00
  0.3077    4.8500  1.064e+00
  0.3077    4.9000  1.013e+00
  0.3077    4.9500  9.691e-01
  0.3077    5.0000  0.000e+00

  0.3462    0.0000  5.902e-01
  0.3462    0.0500  5.878e-01
  0.3462    0.1000  5.770e-01
  0.3462    0.1500  5.785e-01
  0.3462    0.2000  5.817e-01
  0.3462    0.2500  5.804e-01
  0.3462    0.3000  5.895e-01
  0.3462    0.3500  5.821e-01
  0.3462    0.4000  5.824e-01
  0.3462    0.4500  5.878e-01
  0.3462    0.5000  5.970e-01
  0.3462    0.5500  6.031e-01
  0.3462    0.6000  6.025e-01
  0.3462    0.6500  5.984e-01
  0.3462    0.7000  6.030e-01
  0.3462    0.7500  6.079e-01
  0.3462    0.8000  6.029e-01
  0.3462    0.8500  5.980e-01
  0.3462    0.9000  6.048e-01
  0.3462    0.9500  6.043e-01
  0.3462    1.0000  6.033e-01
  0.3462    1.0500  6.040e-01
  0.3462    1.1000  6.025e-01
  0.3462    1.1500  6.159e-01
  0.3462    1.2000  6.252e-01
  0.3462    1.2500  6.359e-01
  0.3462    1.3000  6.475e-01
  0.3462    1.3500  6.520e-01
  0.3462    1.4000  6.578e-01
  0.3462    1.4500  6.709e-01
  0.3462    1.5000  6.888e-01
  0.3462    1.5500  7.007e-01
  0.3462    1.6000  7.072e-01
  0.3462    1.6500  7.081e-01
  0.3462    1.7000  7.401e-01
  0.3462    1.7500  7.873e-01
  0.3462    1.8000  8.090e-01
  0.3462    1.8500  8.393e-01
  0.3462    1.9000  8.853e-01
  0.3462    1.9500  9.411e-01
  0.3462    2.0000  1.012e+00
  0.3462    2.0500  1.102e+00
  0.3462    2.1000  1.210e+00
  0.3462    2.1500  1.340e+00
  0.3462    2.2000  1.492e+00
  0.3462    2.2500  1.685e+00
  0.3462    2.3000  1.950e+00
  0.3462    2.3500  2.308e+00
  0.3462    2.4000  2.818e+00
  0.3462    2.4500  3.545e+00
  0.3462    2.5000  4.641e+00
  0.3462    2.5500  6.370e+00
  0.3462    2.6000  9.318e+00
  0.3462    2.6500  1.480e+01
  0.3462    2.7000  2.499e+01
  0.3462    2.7500  3.942e+01
  0.3462    2.8000  4.714e+01
  0.3462    2.8500  4.309e+01
  0.3462    2.9000  3.010e+01
  0.3462    2.9500  1.904e+01
  0.3462    3.0000  1.258e+01
  0.3462    3.0500  8.927e+00
  0.3462    3.1000  6.758e+00
  0.3462    3.1500  5.365e+00
  0.3462    3.2000  4.426e+00
  0.3462    3.2500  3.768e+00
  0.3462    3.3000  3.301e+00
  0.3462    3.3500  2.954e+00
  0.3462    3.4000  2.657e+00
  0.3462    3.4500  2.821e+00
  0.3462    3.5000  3.529e+00
  0.3462    3.5500  4.668e+00
  0.3462    3.6000  6.603e+00
  0.3462    3.6500  1.012e+01
  0.3462    3.7000  1.699e+01
  0.3462    3.7500  3.098e+01
  0.3462    3.8000  5.283e+01
  0.3462    3.8500  5.753e+01
  0.3462    3.9000  3.798e+01
  0.3462    3.9500  2.186e+01
  0.3462    4.0000  1.304e+01
  0.3462    4.0500  8.400e+00
  0.3462    4.1000  5.943e+00
  0.3462    4.1500  4.507e+00
  0.3462    4.2000  3.573e+00
  0.3462    4.2500  2.925e+00
  0.3462    4.3000  2.470e+00
  0.3462    4.3500  2.137e+00
  0.3462    4.4000  1.886e+00
  0.3462    4.4500  1.696e+00
  0.3462    4.5000  1.543e+00
  0.3462    4.5500  1.420e+00
  0.3462    4.6000  1.315e+00
  0.3462    4.6500  1.225e+00
  0.3462    4.7000  1.155e+00
  0.3462    4.7500  1.094e+00
  0.3462    4.8000  1.045e+00
  0.3462    4.8500  9.961e-01
  0.3462    4.9000  9.562e-01
  0.3462    4.9500  9.156e-01
  0.3462    5.0000  0.000e+00

  0.3846    0.0000  5.810e-01
  0.3846    0.0500  5.737e-01
  0.3846    0.1000  5.758e-01
  0.3846    0.1500  5.695e-01
  0.3846    0.2000  5.740e-01
  0.3846    0.2500  5.810e-01
  0.3846    0.3000  5.805e-01
  0.3846    0.3500  5.783e-01
  0.3846    0.4000  5.745e-01
  0.3846    0.4500  5.812e-01
  0.3846    0.5000  5.851e-01
  0.3846    0.5500  5.909e-01
  0.3846    0.6000  5.957e-01
  0.3846    0.6500  5.976e-01
  0.3846    0.7000  5.914e-01
  0.3846    0.7500  5.842e-01
  0.3846    0.8000  5.850e-01
  0.3846    0.8500  5.898e-01
  0.3846    0.9000  5.925e-01
  0.3846    0.9500  5.913e-01
  0.3846    1.0000  5.955e-01
  0.3846    1.0500  5.966e-01
  0.3846    1.1000  5.946e-01
  0.3846    1.1500  5.911e-01
  0.3846    1.2000  5.948e-01
  0.3846    1.2500  6.099e-01
  0.3846    1.3000  6.191e-01
  0.3846    1.3500  6.229e-01
  0.3846    1.4000  6.279e-01
  0.3846    1.4500  6.332e-01
  0.3846    1.5000  6.349e-01
  0.3846    1.5500  6.412e-01
  0.3846    1.6000  6.487e-01
  0.3846    1.6500  6.612e-01
  0.3846    1.7000  6.721e-01
  0.3846    1.7500  6.790e-01
  0.3846    1.8000  6.895e-01
  0.3846    1.8500  7.218e-01
  0.3846    1.9000  7.455e-01
  0.3846    1.9500  7.583e-01
  0.3846    2.0000  8.028e-01
  0.3846    2.0500  8.750e-01
  0.3846    2.1000  9.333e-01
  0.3846    2.1500  9.810e-01
  0.3846    2.2000  1.035e+00
  0.3846    2.2500  1.100e+00
  0.3846    2.3000  1.167e+00
  0.3846    2.3500  1.256e+00
  0.3846    2.4000  1.388e+00
  0.3846    2.4500  1.553e+00
  0.3846    2.5000  1.774e+00
  0.3846    2.5500  2.078e+00
  0.3846    2.6000  2.507e+00
  0.3846    2.6500  3.137e+00
  0.3846    2.7000  4.060e+00
  0.3846    2.7500  5.510e+00
  0.3846    2.8000  7.874e+00
  0.3846    2.8500  1.211e+01
  0.3846    2.9000  2.025e+01
  0.3846    2.9500  3.421e+01
  0.3846    3.0000  4.675e+01
  0.3846    3.0500  4.719e+01
  0.3846    3.1000  3.566e+01
  0.3846    3.1500  2.252e+01
  0.3846    3.2000  1.440e+01
  0.3846    3.2500  9.919e+00
  0.3846    3.3000  7.321e+00
  0.3846    3.3500  5.722e+00
  0.3846    3.4000  4.691e+00
  0.3846    3.4500  4.181e+00
  0.3846    3.5000  5.764e+00
  0.3846    3.5500  8.474e+00
  0.3846    3.6000  1.360e+01
  0.3846    3.6500  2.389e+01
  0.3846    3.7000  4.282e+01
  0.3846    3.7500  5.803e+01
  0.3846    3.8000  4.707e+01
  0.3846    3.8500  2.835e+01
  0.3846    3.9000  1.706e+01
  0.3846    3.9500  1.089e+01
  0.3846    4.0000  7.134e+00
  0.3846    4.0500  4.969e+00
  0.3846    4.1000  3.804e+00
  0.3846    4.1500  3.082e+00
  0.3846    4.2000  2.587e+00
  0.3846    4.2500  2.216e+00
  0.3846    4.3000  1.932e+00
  0.3846    4.3500  1.719e+00
  0.3846    4.4000  1.562e+00
  0.3846    4.4500  1.428e+00
  0.3846    4.5000  1.327e+00
  0.3846    4.5500  1.238e+00
  0.3846    4.6000  1.162e+00
  0.3846    4.6500  1.102e+00
  0.3846    4.7000  1.043e+00
  0.3846    4.7500  1.000e+00
  0.3846    4.8000  9.606e-01
  0.3846    4.8500  9.274e-01
  0.3846    4.9000  8.917e-01
  0.3846    4.9500  8.613e-01
  0.3846    5.0000  0.000e+00

  0.4231    0.0000  5.704e-01
  0.4231    0.0500  5.725e-01
  0.4231    0.1000  5.686e-01
  0.4231    0.1500  5.648e-01
  0.4231    0.2000  5.689e-01
  0.4231    0.2500  5.685e-01
  0.4231    0.3000  5.729e-01
  0.4231    0.3500  5.672e-01
  0.4231    0.4000  5.731e-01
  0.4231    0.4500  5.732e-01
  0.4231    0.5000  5.726e-01
  0.4231    0.5500  5.803e-01
  0.4231    0.6000  5.801e-01
  0.4231    0.6500  5.849e-01
  0.4231    0.7000  5.726e-01
  0.4231    0.7500  5.744e-01
  0.4231    0.8000  5.834e-01
  0.4231    0.8500  5.881e-01
  0.4231    0.9000  5.967e-01
  0.4231    0.9500  5.970e-01
  0.4231    1.0000  5.966e-01
  0.4231    1.0500  5.895e-01
  0.4231    1.1000  5.869e-01
  0.4231    1.1500  5.884e-01
  0.4231    1.2000  5.957e-01
  0.4231    1.2500  5.914e-01
  0.4231    1.3000  5.938e-01
  0.4231    1.3500  5.924e-01
  0.4231    1.4000  5.882e-01
  0.4231    1.4500  5.914e-01
  0.4231    1.5000  6.027e-01
  0.4231    1.5500  6.198e-01
  0.4231    1.6000  6.253e-01
  0.4231    1.6500  6.358e-01
  0.4231    1.7000  6.442e-01
  0.4231    1.7500  6.664e-01
  0.4231    1.8000  6.783e-01
  0.4231    1.8500  6.837e-01
  0.4231    1.9000  7.042e-01
  0.4231    1.9500  7.239e-01
  0.4231    2.0000  7.373e-01
  0.4231    2.0500  7.457e-01
  0.4231    2.1000  7.517e-01
  0.4231    2.1500  7.652e-01
  0.4231    2.2000  7.755e-01
  0.4231    2.2500  7.978e-01
  0.4231    2.3000  8.806e-01
  0.4231    2.3500  9.650e-01
  0.4231    2.4000  1.016e+00
  0.4231    2.4500  1.079e+00
  0.4231    2.5000  1.165e+00
  0.4231    2.5500  1.268e+00
  0.4231    2.6000  1.404e+00
  0.4231    2.6500  1.581e+00
  0.4231    2.7000  1.814e+00
  0.4231    2.7500  2.133e+00
  0.4231    2.8000  2.572e+00
  0.4231    2.8500  3.201e+00
  0.4231    2.9000  4.142e+00
  0.4231    2.9500  5.622e+00
  0.4231    3.0000  8.070e+00
  0.4231    3.0500  1.252e+01
  0.4231    3.1000  2.127e+01
  0.4231    3.1500  3.625e+01
  0.4231    3.2000  4.895e+01
  0.4231    3.2500  4.768e+01
  0.4231    3.3000  3.403e+01
  0.4231    3.3500  2.105e+01
  0.4231    3.4000  1.361e+01
  0.4231    3.4500  9.558e+00
  0.4231    3.5000  1.362e+01
  0.4231    3.5500  2.381e+01
  0.4231    3.6000  4.205e+01
  0.4231    3.6500  5.614e+01
  0.4231    3.7000  4.719e+01
  0.4231    3.7500  2.898e+01
  0.4231    3.8000  1.754e+01
  0.4231    3.8500  1.155e+01
  0.4231    3.9000  8.156e+00
  0.4231    3.9500  5.817e+00
  0.4231    4.0000  4.057e+00
  0.4231    4.0500  2.968e+00
  0.4231    4.1000  2.426e+00
  0.4231    4.1500  2.085e+00
  0.4231    4.2000  1.837e+00
  0.4231    4.2500  1.646e+00
  0.4231    4.3000  1.486e+00
  0.4231    4.3500  1.359e+00
  0.4231    4.4000  1.260e+00
  0.4231    4.4500  1.190e+00
  0.4231    4.5000  1.126e+00
  0.4231    4.5500  1.069e+00
  0.4231    4.6000  1.020e+00
  0.4231    4.6500  9.722e-01
  0.4231    4.7000  9.383e-01
  0.4231    4.7500  9.093e-01
  0.4231    4.8000  8.724e-01
  0.4231    4.8500  8.450e-01
  0.4231    4.9000  8.262e-01
  0.4231    4.9500  7.980e-01
  0.4231    5.0000  0.000e+00

  0.4615    0.0000  5.699e-01
  0.4615    0.0500  5.628e-01
  0.4615    0.1000  5.623e-01
  0.4615    0.1500  5.605e-01
  0.4615    0.2000  5.585e-01
  0.4615    0.2500  5.639e-01
  0.4615    0.3000  5.641e-01
  0.4615    0.3500  5.624e-01
  0.4615    0.4000  5.644e-01
  0.4615    0.4500  5.635e-01
  0.4615    0.5000  5.688e-01
  0.4615    0.5500  5.713e-01
  0.4615    0.6000  5.753e-01
  0.4615    0.6500  5.758e-01
  0.4615    0.7000  5.784e-01
  0.4615    0.7500  5.770e-01
  0.4615    0.8000  5.735e-01
  0.4615    0.8500  5.765e-01
  0.4615    0.9000  5.756e-01
  0.4615    0.9500  5.781e-01
  0.4615    1.0000  5.793e-01
  0.4615    1.0500  5.841e-01
  0.4615    1.1000  5.807e-01
  0.4615    1.1500  5.868e-01
  0.4615    1.2000  5.966e-01
  0.4615    1.2500  5.978e-01
  0.4615    1.3000  6.026e-01
  0.4615    1.3500  5.994e-01
  0.4615    1.4000  5.945e-01
  0.4615    1.4500  6.044e-01
  0.4615    1.5000  6.126e-01
  0.4615    1.5500  6.168e-01
  0.4615    1.6000  6.261e-01
  0.4615    1.6500  6.257e-01
  0.4615    1.7000  6.186e-01
  0.4615    1.7500  6.190e-01
  0.4615    1.8000  6.226e-01
  0.4615    1.8500  6.302e-01
  0.4615    1.9000  6.476e-01
  0.4615    1.9500  6.527e-01
  0.4615    2.0000  6.613e-01
  0.4615    2.0500  6.710e-01
  0.4615    2.1000  6.806e-01
  0.4615    2.1500  6.981e-01
  0.4615    2.2000  7.421e-01
  0.4615    2.2500  7.724e-01
  0.4615    2.3000  7.998e-01
  0.4615    2.3500  8.168e-01
  0.4615    2.4000  8.406e-01
  0.4615    2.4500  8.700e-01
  0.4615    2.5000  8.767e-01
  0.4615    2.5500  9.597e-01
  0.4615    2.6000  1.107e+00
  0.4615    2.6500  1.194e+00
  0.4615    2.7000  1.279e+00
  0.4615    2.7500  1.367e+00
  0.4615    2.8000  1.481e+00
  0.4615    2.8500  1.660e+00
  0.4615    2.9000  1.924e+00
  0.4615    2.9500  2.297e+00
  0.4615    3.0000  2.846e+00
  0.4615    3.0500  3.638e+00
  0.4615    3.1000  4.865e+00
  0.4615    3.1500  6.833e+00
  0.4615    3.2000  1.030e+01
  0.4615    3.2500  1.694e+01
  0.4615    3.3000  2.966e+01
  0.4615    3.3500  4.655e+01
  0.4615    3.4000  5.190e+01
  0.4615    3.4500  4.072e+01
  0.4615    3.5000  4.895e+01
  0.4615    3.5500  5.323e+01
  0.4615    3.6000  3.904e+01
  0.4615    3.6500  2.356e+01
  0.4615    3.7000  1.477e+01
  0.4615    3.7500  1.010e+01
  0.4615    3.8000  7.425e+00
  0.4615    3.8500  5.716e+00
  0.4615    3.9000  4.420e+00
  0.4615    3.9500  3.412e+00
  0.4615    4.0000  2.442e+00
  0.4615    4.0500  1.791e+00
  0.4615    4.1000  1.544e+00
  0.4615    4.1500  1.414e+00
  0.4615    4.2000  1.314e+00
  0.4615    4.2500  1.219e+00
  0.4615    4.3000  1.138e+00
  0.4615    4.3500  1.073e+00
  0.4615    4.4000  1.022e+00
  0.4615    4.4500  9.806e-01
  0.4615    4.5000  9.474e-01
  0.4615    4.5500  9.192e-01
  0.4615    4.6000  8.919e-01
  0.4615    4.6500  8.609e-01
  0.4615    4.7000  8.403e-01
  0.4615    4.7500  8.208e-01
  0.4615    4.8000  7.942e-01
  0.4615    4.8500  7.766e-01
  0.4615    4.9000  7.613e-01
  0.4615    4.9500  7.395e-01
  0.4615    5.0000  0.000e+00

  0.5000    0.0000  5.699e-01
  0.5000    0.0500  5.628e-01
  0.5000    0.1000  5.623e-01
  0.5000    0.1500  5.605e-01
  0.5000    0.2000  5.585e-01
  0.5000    0.2500  5.639e-01
  0.5000    0.3000  5.641e-01
  0.5000    0.3500  5.624e-01
  0.5000    0.4000  5.644e-01
  0.5000    0.4500  5.635e-01
  0.5000    0.5000  5.688e-01
  0.5000    0.5500  5.713e-01
  0.5000    0.6000  5.753e-01
  0.5000    0.6500  5.758e-01
  0.5000    0.7000  5.784e-01
  0.5000    0.7500  5.770e-01
  0.5000    0.8000  5.735e-01
  0.5000    0.8500  5.765e-01
  0.5000    0.9000  5.756e-01
  0.5000    0.9500  5.781e-01
  0.5000    1.0000  5.793e-01
  0.5000    1.0500  5.841e-01
  0.5000    1.1000  5.807e-01
  0.5000    1.1500  5.868e-01
  0.5000    1.2000  5.966e-01
  0.5000    1.2500  5.978e-01
  0.5000    1.3000  6.026e-01
  0.5000    1.3500  5.994e-01
  0.5000    1.4000  5.945e-01
  0.5000    1.4500  6.044e-01
  0.5000    1.5000  6.126e-01
  0.5000    1.5500  6.168e-01
  0.5000    1.6000  6.261e-01
  0.5000    1.6500  6.257e-01
  0.5000    1.7000  6.186e-01
  0.5000    1.7500  6.190e-01
  0.5000    1.8000  6.226e-01
  0.5000    1.8500  6.302e-01
  0.5000    1.9000  6.476e-01
  0.5000    1.9500  6.527e-01
  0.5000    2.0000  6.613e-01
  0.5000    2.0500  6.710e-01
  0.5000    2.1000  6.806e-01
  0.5000    2.1500  6.981e-01
  0.5000    2.2000  7.421e-01
  0.5000    2.2500  7.724e-01
  0.5000    2.3000  7.998e-01
  0.5000    2.3500  8.168e-01
  0.5000    2.4000  8.406e-01
  0.5000    2.4500  8.700e-01
  0.5000    2.5000  8.767e-01
  0.5000    2.5500  9.597e-01
  0.5000    2.6000  1.107e+00
  0.5000    2.6500  1.194e+00
  0.5000    2.7000  1.279e+00
  0.5000    2.7500  1.367e+00
  0.5000    2.8000  1.481e+00
  0.5000    2.8500  1.660e+00
  0.5000    2.9000  1.924e+00
  0.5000    2.9500  2.297e+00
  0.5000    3.0000  2.846e+00
  0.5000    3.0500  3.638e+00
  0.5000    3.1000  4.865e+00
  0.5000    3.1500  6.833e+00
  0.5000    3.2000  1.030e+01
  0.5000    3.2500  1.694e+01
  0.5000    3.3000  2.966e+01
  0.5000    3.3500  4.655e+01
  0.5000    3.4000  5.190e+01
  0.5000    3.4500  4.072e+01
  0.5000    3.5000  4.895e+01
  0.5000    3.5500  5.323e+01
  0.5000    3.6000  3.904e+01
  0.5000    3.6500  2.356e+01
  0.5000    3.7000  1.477e+01
  0.5000    3.7500  1.010e+01
  0.5000    3.8000  7.425e+00
  0.5000    3.8500  5.716e+00
  0.5000    3.9000  4.420e+00
  0.5000    3.9500  3.412e+00
  0.5000    4.0000  2.442e+00
  0.5000    4.0500  1.791e+00
  0.5000    4.1000  1.544e+00
  0.5000    4.1500  1.414e+00
  0.5000    4.2000  1.314e+00
  0.5000    4.2500  1.219e+00
  0.5000    4.3000  1.138e+00
  0.5000    4.3500  1.073e+00
  0.5000    4.4000  1.022e+00
  0.5000    4.4500  9.806e-01
  0.5000    4.5000  9.474e-01
  0.5000    4.5500  9.192e-01
  0.5000    4.6000  8.919e-01
  0.5000    4.6500  8.609e-01
  0.5000    4.7000  8.403e-01
  0.5000    4.7500  8.208e-01
  0.5000    4.8000  7.942e-01
  0.5000    4.8500  7.766e-01
  0.5000    4.9000  7.613e-01
  0.5000    4.9500  7.395e-01
  0.5000    5.0000  0.000e+00

  0.5385    0.0000  5.704e-01
  0.5385    0.0500  5.725e-01
  0.5385    0.1000  5.686e-01
  0.5385    0.1500  5.648e-01
  0.5385    0.2000  5.689e-01
  0.5385    0.2500  5.685e-01
  0.5385    0.3000  5.729e-01
  0.5385    0.3500  5.672e-01
  0.5385    0.4000  5.731e-01
  0.5385    0.4500  5.732e-01
  0.5385    0.5000  5.726e-01
  0.5385    0.5500  5.803e-01
  0.5385    0.6000  5.801e-01
  0.5385    0.6500  5.849e-01
  0.5385    0.7000  5.726e-01
  0.5385    0.7500  5.744e-01
  0.5385    0.8000  5.834e-01
  0.5385    0.8500  5.881e-01
  0.5385    0.9000  5.967e-01
  0.5385    0.9500  5.970e-01
  0.5385    1.0000  5.966e-01
  0.5385    1.0500  5.895e-01
  0.5385    1.1000  5.869e-01
  0.5385    1.1500  5.884e-01
  0.5385    1.2000  5.957e-01
  0.5385    1.2500  5.914e-01
  0.5385    1.3000  5.938e-01
  0.5385    1.3500  5.924e-01
  0.5385    1.4000  5.882e-01
  0.5385    1.4500  5.914e-01
  0.5385    1.5000  6.027e-01
  0.5385    1.5500  6.198e-01
  0.5385    1.6000  6.253e-01
  0.5385    1.6500  6.358e-01
  0.5385    1.7000  6.442e-01
  0.5385    1.7500  6.664e-01
  0.5385    1.8000  6.783e-01
  0.5385    1.8500  6.837e-01
  0.5385    1.9000  7.042e-01
  0.5385    1.9500  7.239e-01
  0.5385    2.0000  7.373e-01
  0.5385    2.0500  7.457e-01
  0.5385    2.1000  7.517e-01
  0.5385    2.1500  7.652e-01
  0.5385    2.2000  7.755e-01
  0.5385    2.2500  7.978e-01
  0.5385    2.3000  8.806e-01
  0.5385    2.3500  9.650e-01
  0.5385    2.4000  1.016e+00
  0.5385    2.4500  1.079e+00
  0.5385    2.5000  1.165e+00
  0.5385    2.5500  1.268e+00
  0.5385    2.6000  1.404e+00
  0.5385    2.6500  1.581e+00
  0.5385    2.7000  1.814e+00
  0.5385    2.7500  2.133e+00
  0.5385    2.8000  2.572e+00
  0.5385    2.8500  3.201e+00
  0.5385    2.9000  4.142e+00
  0.5385    2.9500  5.622e+00
  0.5385    3.0000  8.070e+00
  0.5385    3.0500  1.252e+01
  0.5385    3.1000  2.127e+01
  0.5385    3.1500  3.625e+01
  0.5385    3.2000  4.895e+01
  0.5385    3.2500  4.768e+01
  0.5385    3.3000  3.403e+01
  0.5385    3.3500  2.105e+01
  0.5385    3.4000  1.361e+01
  0.5385    3.4500  9.558e+00
  0.5385    3.5000  1.362e+01
  0.5385    3.5500  2.381e+01
  0.5385    3.6000  4.205e+01
  0.5385    3.6500  5.614e+01
  0.5385    3.7000  4.719e+01
  0.5385    3.7500  2.898e+01
  0.5385    3.8000  1.754e+01
  0.5385    3.8500  1.155e+01
  0.5385    3.9000  8.156e+00
  0.5385    3.9500  5.817e+00
  0.5385    4.0000  4.057e+00
  0.5385    4.0500  2.968e+00
  0.5385    4.1000  2.426e+00
  0.5385    4.1500  2.085e+00
  0.5385    4.2000  1.837e+00
  0.5385    4.2500  1.646e+00
  0.5385    4.3000  1.486e+00
  0.5385    4.3500  1.359e+00
  0.5385    4.4000  1.260e+00
  0.5385    4.4500  1.190e+00
  0.5385    4.5000  1.126e+00
  0.5385    4.5500  1.069e+00
  0.5385    4.6000  1.020e+00
  0.5385    4.6500  9.722e-01
  0.5385    4.7000  9.383e-01
  0.5385    4.7500  9.093e-01
  0.5385    4.8000  8.724e-01
  0.5385    4.8500  8.450e-01
  0.5385    4.9000  8.262e-01
  0.5385    4.9500  7.980e-01
  0.5385    5.0000  0.000e+00

  0.5769    0.0000  5.810e-01
  0.5769    0.0500  5.737e-01
  0.5769    0.1000  5.758e-01
  0.5769    0.1500  5.695e-01
  0.5769    0.2000  5.740e-01
  0.5769    0.2500  5.810e-01
  0.5769    0.3000  5.805e-01
  0.5769    0.3500  5.783e-01
  0.5769    0.4000  5.745e-01
  0.5769    0.4500  5.812e-01
  0.5769    0.5000  5.851e-01
  0.5769    0.5500  5.909e-01
  0.5769    0.6000  5.957e-01
  0.5769    0.6500  5.976e-01
  0.5769    0.7000  5.914e-01
  0.5769    0.7500  5.842e-01
  0.5769    0.8000  5.850e-01
  0.5769    0.8500  5.898e-01
  0.5769    0.9000  5.925e-01
  0.5769    0.9500  5.913e-01
  0.5769    1.0000  5.955e-01
  0.5769    1.0500  5.966e-01
  0.5769    1.1000  5.946e-01
  0.5769    1.1500  5.911e-01
  0.5769    1.2000  5.948e-01
  0.5769    1.2500  6.099e-01
  0.5769    1.3000  6.191e-01
  0.5769    1.3500  6.229e-01
  0.5769    1.4000  6.279e-01
  0.5769    1.4500  6.332e-01
  0.5769    1.5000  6.349e-01
  0.5769    1.5500  6.412e-01
  0.5769    1.6000  6.487e-01
  0.5769    1.6500  6.612e-01
  0.5769    1.7000  6.721e-01
  0.5769    1.7500  6.790e-01
  0.5769    1.8000  6.895e-01
  0.5769    1.8500  7.218e-01
  0.5769    1.9000  7.455e-01
  0.5769    1.9500  7.583e-01
  0.5769    2.0000  8.028e-01
  0.5769    2.0500  8.750e-01
  0.5769    2.1000  9.333e-01
  0.5769    2.1500  9.810e-01
  0.5769    2.2000  1.035e+00
  0.5769    2.2500  1.100e+00
  0.5769    2.3000  1.167e+00
  0.5769    2.3500  1.256e+00
  0.5769    2.4000  1.388e+00
  0.5769    2.4500  1.553e+00
  0.5769    2.5000  1.774e+00
  0.5769    2.5500  2.078e+00
  0.5769    2.6000  2.507e+00
  0.5769    2.6500  3.137e+00
  0.5769    2.7000  4.060e+00
  0.5769    2.7500  5.510e+00
  0.5769    2.8000  7.874e+00
  0.5769    2.8500  1.211e+01
  0.5769    2.9000  2.025e+01
  0.5769    2.9500  3.421e+01
  0.5769    3.0000  4.675e+01
  0.5769    3.0500  4.719e+01
  0.5769    3.1000  3.566e+01
  0.5769    3.1500  2.252e+01
  0.5769    3.2000  1.440e+01
  0.5769    3.2500  9.919e+00
  0.5769    3.3000  7.321e+00
  0.5769    3.3500  5.722e+00
  0.5769    3.4000  4.691e+00
  0.5769    3.4500  4.181e+00
  0.5769    3.5000  5.764e+00
  0.5769    3.5500  8.474e+00
  0.5769    3.6000  1.360e+01
  0.5769    3.6500  2.389e+01
  0.5769    3.7000  4.282e+01
  0.5769    3.7500  5.803e+01
  0.5769    3.8000  4.707e+01
  0.5769    3.8500  2.835e+01
  0.5769    3.9000  1.706e+01
  0.5769    3.9500  1.089e+01
  0.5769    4.0000  7.134e+00
  0.5769    4.0500  4.969e+00
  0.5769    4.1000  3.804e+00
  0.5769    4.1500  3.082e+00
  0.5769    4.2000  2.587e+00
  0.5769    4.2500  2.216e+00
  0.5769    4.3000  1.932e+00
  0.5769    4.3500  1.719e+00
  0.5769    4.4000  1.562e+00
  0.5769    4.4500  1.428e+00
  0.5769    4.5000  1.327e+00
  0.5769    4.5500  1.238e+00
  0.5769    4.6000  1.162e+00
  0.5769    4.6500  1.102e+00
  0.5769    4.7000  1.043e+00
  0.5769    4.7500  1.000e+00
  0.5769    4.8000  9.606e-01
  0.5769    4.8500  9.274e-01
  0.5769    4.9000  8.917e-01
  0.5769    4.9500  8.613e-01
  0.5769    5.0000  0.000e+00

  0.6154    0.0000  5.902e-01
  0.6154    0.0500  5.878e-01
  0.6154    0.1000  5.770e-01
  0.6154    0.1500  5.785e-01
  0.6154    0.2000  5.817e-01
  0.6154    0.2500  5.804e-01
  0.6154    0.3000  5.895e-01
  0.6154    0.3500  5.821e-01
  0.6154    0.4000  5.824e-01
  0.6154    0.4500  5.878e-01
  0.6154    0.5000  5.970e-01
  0.6154    0.5500  6.031e-01
  0.6154    0.6000  6.025e-01
  0.6154    0.6500  5.984e-01
  0.6154    0.7000  6.030e-01
  0.6154    0.7500  6.079e-01
  0.6154    0.8000  6.029e-01
  0.6154    0.8500  5.980e-01
  0.6154    0.9000  6.048e-01
  0.6154    0.9500  6.043e-01
  0.6154    1.0000  6.033e-01
  0.6154    1.0500  6.040e-01
  0.6154    1.1000  6.025e-01
  0.6154    1.1500  6.159e-01
  0.6154    1.2000  6.252e-01
  0.6154    1.2500  6.359e-01
  0.6154    1.3000  6.475e-01
  0.6154    1.3500  6.520e-01
  0.6154    1.4000  6.578e-01
  0.6154    1.4500  6.709e-01
  0.6154    1.5000  6.888e-01
  0.6154    1.5500  7.007e-01
  0.6154    1.6000  7.072e-01
  0.6154    1.6500  7.081e-01
  0.6154    1.7000  7.401e-01
  0.6154    1.7500  7.873e-01
  0.6154    1.8000  8.090e-01
  0.6154    1.8500  8.393e-01
  0.6154    1.9000  8.853e-01
  0.6154    1.9500  9.411e-01
  0.6154    2.0000  1.012e+00
  0.6154    2.0500  1.102e+00
  0.6154    2.1000  1.210e+00
  0.6154    2.1500  1.340e+00
  0.6154    2.2000  1.492e+00
  0.6154    2.2500  1.685e+00
  0.6154    2.3000  1.950e+00
  0.6154    2.3500  2.308e+00
  0.6154    2.4000  2.818e+00
  0.6154    2.4500  3.545e+00
  0.6154    2.5000  4.641e+00
  0.6154    2.5500  6.370e+00
  0.6154    2.6000  9.318e+00
  0.6154    2.6500  1.480e+01
  0.6154    2.7000  2.499e+01
  0.6154    2.7500  3.942e+01
  0.6154    2.8000  4.714e+01
  0.6154    2.8500  4.309e+01
  0.6154    2.9000  3.010e+01
  0.6154    2.9500  1.904e+01
  0.6154    3.0000  1.258e+01
  0.6154    3.0500  8.927e+00
  0.6154    3.1000  6.758e+00
  0.6154    3.1500  5.365e+00
  0.6154    3.2000  4.426e+00
  0.6154    3.2500  3.768e+00
  0.6154    3.3000  3.301e+00
  0.6154    3.3500  2.954e+00
  0.6154    3.4000  2.657e+00
  0.6154    3.4500  2.821e+00
  0.6154    3.5000  3.529e+00
  0.6154    3.5500  4.668e+00
  0.6154    3.6000  6.603e+00
  0.6154    3.6500  1.012e+01
  0.6154    3.7000  1.699e+01
  0.6154    3.7500  3.098e+01
  0.6154    3.8000  5.283e+01
  0.6154    3.8500  5.753e+01
  0.6154    3.9000  3.798e+01
  0.6154    3.9500  2.186e+01
  0.6154    4.0000  1.304e+01
  0.6154    4.0500  8.400e+00
  0.6154    4.1000  5.943e+00
  0.6154    4.1500  4.507e+00
  0.6154    4.2000  3.573e+00
  0.6154    4.2500  2.925e+00
  0.6154    4.3000  2.470e+00
  0.6154    4.3500  2.137e+00
  0.6154    4.4000  1.886e+00
  0.6154    4.4500  1.696e+00
  0.6154    4.5000  1.543e+00
  0.6154    4.5500  1.420e+00
  0.6154    4.6000  1.315e+00
  0.6154    4.6500  1.225e+00
  0.6154    4.7000  1.155e+00
  0.6154    4.7500  1.094e+00
  0.6154    4.8000  1.045e+00
  0.6154    4.8500  9.961e-01
  0.6154    4.9000  9.562e-01
  0.6154    4.9500  9.156e-01
  0.6154    5.0000  0.000e+00

  0.6538    0.0000  6.004e-01
  0.6538    0.0500  5.953e-01
  0.6538    0.1000  5.881e-01
  0.6538    0.1500  5.869e-01
  0.6538    0.2000  5.886e-01
  0.6538    0.2500  5.950e-01
  0.6538    0.3000  5.940e-01
  0.6538    0.3500  5.858e-01
  0.6538    0.4000  5.895e-01
  0.6538    0.4500  6.000e-01
  0.6538    0.5000  6.079e-01
  0.6538    0.5500  6.174e-01
  0.6538    0.6000  6.189e-01
  0.6538    0.6500  6.200e-01
  0.6538    0.7000  6.167e-01
  0.6538    0.7500  6.215e-01
  0.6538    0.8000  6.145e-01
  0.6538    0.8500  6.192e-01
  0.6538    0.9000  6.198e-01
  0.6538    0.9500  6.252e-01
  0.6538    1.0000  6.343e-01
  0.6538    1.0500  6.418e-01
  0.6538    1.1000  6.436e-01
  0.6538    1.1500  6.409e-01
  0.6538    1.2000  6.517e-01
  0.6538    1.2500  6.679e-01
  0.6538    1.3000  6.749e-01
  0.6538    1.3500  6.889e-01
  0.6538    1.4000  7.234e-01
  0.6538    1.4500  7.519e-01
  0.6538    1.5000  7.849e-01
  0.6538    1.5500  8.111e-01
  0.6538    1.6000  8.478e-01
  0.6538    1.6500  8.849e-01
  0.6538    1.7000  9.262e-01
  0.6538    1.7500  9.888e-01
  0.6538    1.8000  1.074e+00
  0.6538    1.8500  1.172e+00
  0.6538    1.9000  1.302e+00
  0.6538    1.9500  1.448e+00
  0.6538    2.0000  1.640e+00
  0.6538    2.0500  1.882e+00
  0.6538    2.1000  2.233e+00
  0.6538    2.1500  2.734e+00
  0.6538    2.2000  3.452e+00
  0.6538    2.2500  4.527e+00
  0.6538    2.3000  6.182e+00
  0.6538    2.3500  8.951e+00
  0.6538    2.4000  1.398e+01
  0.6538    2.4500  2.324e+01
  0.6538    2.5000  3.713e+01
  0.6538    2.5500  4.610e+01
  0.6538    2.6000  4.374e+01
  0.6538    2.6500  3.187e+01
  0.6538    2.7000  2.044e+01
  0.6538    2.7500  1.349e+01
  0.6538    2.8000  9.491e+00
  0.6538    2.8500  7.103e+00
  0.6538    2.9000  5.590e+00
  0.6538    2.9500  4.571e+00
  0.6538    3.0000  3.854e+00
  0.6538    3.0500  3.332e+00
  0.6538    3.1000  2.945e+00
  0.6538    3.1500  2.666e+00
  0.6538    3.2000  2.451e+00
  0.6538    3.2500  2.263e+00
  0.6538    3.3000  2.148e+00
  0.6538    3.3500  2.029e+00
  0.6538    3.4000  1.793e+00
  0.6538    3.4500  2.070e+00
  0.6538    3.5000  2.524e+00
  0.6538    3.5500  3.312e+00
  0.6538    3.6000  4.425e+00
  0.6538    3.6500  6.182e+00
  0.6538    3.7000  9.290e+00
  0.6538    3.7500  1.519e+01
  0.6538    3.8000  2.738e+01
  0.6538    3.8500  4.920e+01
  0.6538    3.9000  6.032e+01
  0.6538    3.9500  4.165e+01
  0.6538    4.0000  2.340e+01
  0.6538    4.0500  1.378e+01
  0.6538    4.1000  8.997e+00
  0.6538    4.1500  6.377e+00
  0.6538    4.2000  4.811e+00
  0.6538    4.2500  3.784e+00
  0.6538    4.3000  3.081e+00
  0.6538    4.3500  2.591e+00
  0.6538    4.4000  2.226e+00
  0.6538    4.4500  1.958e+00
  0.6538    4.5000  1.753e+00
  0.6538    4.5500  1.589e+00
  0.6538    4.6000  1.459e+00
  0.6538    4.6500  1.347e+00
  0.6538    4.7000  1.261e+00
  0.6538    4.7500  1.188e+00
  0.6538    4.8000  1.117e+00
  0.6538    4.8500  1.064e+00
  0.6538    4.9000  1.013e+00
  0.6538    4.9500  9.691e-01
  0.6538    5.0000  0.000e+00

  0.6923    0.0000  6.122e-01
  0.6923    0.0500  6.130e-01
  0.6923    0.1000  6.065e-01
  0.6923    0.1500  6.002e-01
  0.6923    0.2000  6.070e-01
  0.6923    0.2500  6.090e-01
  0.6923    0.3000  6.130e-01
  0.6923    0.3500  6.054e-01
  0.6923    0.4000  6.051e-01
  0.6923    0.4500  6.142e-01
  0.6923    0.5000  6.249e-01
  0.6923    0.5500  6.344e-01
  0.6923    0.6000  6.348e-01
  0.6923    0.6500  6.340e-01
  0.6923    0.7000  6.397e-01
  0.6923    0.7500  6.392e-01
  0.6923    0.8000  6.404e-01
  0.6923    0.8500  6.541e-01
  0.6923    0.9000  6.522e-01
  0.6923    0.9500  6.619e-01
  0.6923    1.0000  6.686e-01
  0.6923    1.0500  6.817e-01
  0.6923    1.1000  7.080e-01
  0.6923    1.1500  7.365e-01
  0.6923    1.2000  7.498e-01
  0.6923    1.2500  7.792e-01
  0.6923    1.3000  8.019e-01
  0.6923    1.3500  8.317e-01
  0.6923    1.4000  8.754e-01
  0.6923    1.4500  9.232e-01
  0.6923    1.5000  1.011e+00
  0.6923    1.5500  1.100e+00
  0.6923    1.6000  1.200e+00
  0.6923    1.6500  1.321e+00
  0.6923    1.7000  1.473e+00
  0.6923    1.7500  1.680e+00
  0.6923    1.8000  1.976e+00
  0.6923    1.8500  2.368e+00
  0.6923    1.9000  2.925e+00
  0.6923    1.9500  3.742e+00
  0.6923    2.0000  4.972e+00
  0.6923    2.0500  6.923e+00
  0.6923    2.1000  1.028e+01
  0.6923    2.1500  1.637e+01
  0.6923    2.2000  2.714e+01
  0.6923    2.2500  4.051e+01
  0.6923    2.3000  4.615e+01
  0.6923    2.3500  4.046e+01
  0.6923    2.4000  2.791e+01
  0.6923    2.4500  1.808e+01
  0.6923    2.5000  1.223e+01
  0.6923    2.5500  8.786e+00
  0.6923    2.6000  6.681e+00
  0.6923    2.6500  5.310e+00
  0.6923    2.7000  4.388e+00
  0.6923    2.7500  3.748e+00
  0.6923    2.8000  3.278e+00
  0.6923    2.8500  2.916e+00
  0.6923    2.9000  2.636e+00
  0.6923    2.9500  2.400e+00
  0.6923    3.0000  2.214e+00
  0.6923    3.0500  2.032e+00
  0.6923    3.1000  1.901e+00
  0.6923    3.1500  1.861e+00
  0.6923    3.2000  1.738e+00
  0.6923    3.2500  1.496e+00
  0.6923    3.3000  1.385e+00
  0.6923    3.3500  1.381e+00
  0.6923    3.4000  1.586e+00
  0.6923    3.4500  1.853e+00
  0.6923    3.5000  2.201e+00
  0.6923    3.5500  2.693e+00
  0.6923    3.6000  3.388e+00
  0.6923    3.6500  4.552e+00
  0.6923    3.7000  6.463e+00
  0.6923    3.7500  9.765e+00
  0.6923    3.8000  1.624e+01
  0.6923    3.8500  2.974e+01
  0.6923    3.9000  5.274e+01
  0.6923    3.9500  5.962e+01
  0.6923    4.0000  3.808e+01
  0.6923    4.0500  2.125e+01
  0.6923    4.1000  1.286e+01
  0.6923    4.1500  8.563e+00
  0.6923    4.2000  6.142e+00
  0.6923    4.2500  4.663e+00
  0.6923    4.3000  3.694e+00
  0.6923    4.3500  3.027e+00
  0.6923    4.4000  2.557e+00
  0.6923    4.4500  2.221e+00
  0.6923    4.5000  1.962e+00
  0.6923    4.5500  1.753e+00
  0.6923    4.6000  1.584e+00
  0.6923    4.6500  1.451e+00
  0.6923    4.7000  1.348e+00
  0.6923    4.7500  1.262e+00
  0.6923    4.8000  1.185e+00
  0.6923    4.8500  1.124e+00
  0.6923    4.9000  1.061e+00
  0.6923    4.9500  1.014e+00
  0.6923    5.0000  0.000e+00

  0.7308    0.0000  6.352e-01
  0.7308    0.0500  6.323e-01
  0.7308    0.1000  6.243e-01
  0.7308    0.1500  6.210e-01
  0.7308    0.2000  6.224e-01
  0.7308    0.2500  6.352e-01
  0.7308    0.3000  6.360e-01
  0.7308    0.3500  6.277e-01
  0.7308    0.4000  6.355e-01
  0.7308    0.4500  6.499e-01
  0.7308    0.5000  6.625e-01
  0.7308    0.5500  6.799e-01
  0.7308    0.6000  6.848e-01
  0.7308    0.6500  6.828e-01
  0.7308    0.7000  6.803e-01
  0.7308    0.7500  6.716e-01
  0.7308    0.8000  6.694e-01
  0.7308    0.8500  6.901e-01
  0.7308    0.9000  7.153e-01
  0.7308    0.9500  7.480e-01
  0.7308    1.0000  7.788e-01
  0.7308    1.0500  8.167e-01
  0.7308    1.1000  8.570e-01
  0.7308    1.1500  9.103e-01
  0.7308    1.2000  9.732e-01
  0.7308    1.2500  1.049e+00
  0.7308    1.3000  1.153e+00
  0.7308    1.3500  1.277e+00
  0.7308    1.4000  1.419e+00
  0.7308    1.4500  1.621e+00
  0.7308    1.5000  1.882e+00
  0.7308    1.5500  2.238e+00
  0.7308    1.6000  2.726e+00
  0.7308    1.6500  3.432e+00
  0.7308    1.7000  4.489e+00
  0.7308    1.7500  6.159e+00
  0.7308    1.8000  9.040e+00
  0.7308    1.8500  1.419e+01
  0.7308    1.9000  2.342e+01
  0.7308    1.9500  3.700e+01
  0.7308    2.0000  4.559e+01
  0.7308    2.0500  4.237e+01
  0.7308    2.1000  3.075e+01
  0.7308    2.1500  2.024e+01
  0.7308    2.2000  1.371e+01
  0.7308    2.2500  9.835e+00
  0.7308    2.3000  7.416e+00
  0.7308    2.3500  5.837e+00
  0.7308    2.4000  4.778e+00
  0.7308    2.4500  4.028e+00
  0.7308    2.5000  3.462e+00
  0.7308    2.5500  3.015e+00
  0.7308    2.6000  2.664e+00
  0.7308    2.6500  2.431e+00
  0.7308    2.7000  2.261e+00
  0.7308    2.7500  2.109e+00
  0.7308    2.8000  1.982e+00
  0.7308    2.8500  1.868e+00
  0.7308    2.9000  1.800e+00
  0.7308    2.9500  1.758e+00
  0.7308    3.0000  1.657e+00
  0.7308    3.0500  1.466e+00
  0.7308    3.1000  1.341e+00
  0.7308    3.1500  1.300e+00
  0.7308    3.2000  1.265e+00
  0.7308    3.2500  1.251e+00
  0.7308    3.3000  1.252e+00
  0.7308    3.3500  1.291e+00
  0.7308    3.4000  1.461e+00
  0.7308    3.4500  1.696e+00
  0.7308    3.5000  1.992e+00
  0.7308    3.5500  2.398e+00
  0.7308    3.6000  2.970e+00
  0.7308    3.6500  3.824e+00
  0.7308    3.7000  5.128e+00
  0.7308    3.7500  7.458e+00
  0.7308    3.8000  1.178e+01
  0.7308    3.8500  2.044e+01
  0.7308    3.9000  3.827e+01
  0.7308    3.9500  6.059e+01
  0.7308    4.0000  5.180e+01
  0.7308    4.0500  2.966e+01
  0.7308    4.1000  1.705e+01
  0.7308    4.1500  1.079e+01
  0.7308    4.2000  7.439e+00
  0.7308    4.2500  5.473e+00
  0.7308    4.3000  4.243e+00
  0.7308    4.3500  3.414e+00
  0.7308    4.4000  2.841e+00
  0.7308    4.4500  2.430e+00
  0.7308    4.5000  2.117e+00
  0.7308    4.5500  1.880e+00
  0.7308    4.6000  1.691e+00
  0.7308    4.6500  1.536e+00
  0.7308    4.7000  1.421e+00
  0.7308    4.7500  1.322e+00
  0.7308    4.8000  1.235e+00
  0.7308    4.8500  1.169e+00
  0.7308    4.9000  1.103e+00
  0.7308    4.9500  1.048e+00
  0.7308    5.0000  0.000e+00

  0.7692    0.0000  6.860e-01
  0.7692    0.0500  6.756e-01
  0.7692    0.1000  6.585e-01
  0.7692    0.1500  6.441e-01
  0.7692    0.2000  6.500e-01
  0.7692    0.2500  6.679e-01
  0.7692    0.3000  6.700e-01
  0.7692    0.3500  6.585e-01
  0.7692    0.4000  6.716e-01
  0.7692    0.4500  6.953e-01
  0.7692    0.5000  7.092e-01
  0.7692    0.5500  7.285e-01
  0.7692    0.6000  7.329e-01
  0.7692    0.6500  7.298e-01
  0.7692    0.7000  7.430e-01
  0.7692    0.7500  7.697e-01
  0.7692    0.8000  8.119e-01
  0.7692    0.8500  8.690e-01
  0.7692    0.9000  9.390e-01
  0.7692    0.9500  1.026e+00
  0.7692    1.0000  1.124e+00
  0.7692    1.0500  1.232e+00
  0.7692    1.1000  1.385e+00
  0.7692    1.1500  1.594e+00
  0.7692    1.2000  1.869e+00
  0.7692    1.2500  2.231e+00
  0.7692    1.3000  2.747e+00
  0.7692    1.3500  3.497e+00
  0.7692    1.4000  4.606e+00
  0.7692    1.4500  6.399e+00
  0.7692    1.5000  9.381e+00
  0.7692    1.5500  1.470e+01
  0.7692    1.6000  2.410e+01
  0.7692    1.6500  3.791e+01
  0.7692    1.7000  4.646e+01
  0.7692    1.7500  4.204e+01
  0.7692    1.8000  2.991e+01
  0.7692    1.8500  1.967e+01
  0.7692    1.9000  1.327e+01
  0.7692    1.9500  9.438e+00
  0.7692    2.0000  7.114e+00
  0.7692    2.0500  5.682e+00
  0.7692    2.1000  4.746e+00
  0.7692    2.1500  4.065e+00
  0.7692    2.2000  3.560e+00
  0.7692    2.2500  3.182e+00
  0.7692    2.3000  2.849e+00
  0.7692    2.3500  2.549e+00
  0.7692    2.4000  2.322e+00
  0.7692    2.4500  2.168e+00
  0.7692    2.5000  2.030e+00
  0.7692    2.5500  1.875e+00
  0.7692    2.6000  1.731e+00
  0.7692    2.6500  1.652e+00
  0.7692    2.7000  1.641e+00
  0.7692    2.7500  1.605e+00
  0.7692    2.8000  1.462e+00
  0.7692    2.8500  1.307e+00
  0.7692    2.9000  1.274e+00
  0.7692    2.9500  1.258e+00
  0.7692    3.0000  1.232e+00
  0.7692    3.0500  1.223e+00
  0.7692    3.1000  1.231e+00
  0.7692    3.1500  1.219e+00
  0.7692    3.2000  1.203e+00
  0.7692    3.2500  1.202e+00
  0.7692    3.3000  1.196e+00
  0.7692    3.3500  1.265e+00
  0.7692    3.4000  1.415e+00
  0.7692    3.4500  1.596e+00
  0.7692    3.5000  1.834e+00
  0.7692    3.5500  2.168e+00
  0.7692    3.6000  2.652e+00
  0.7692    3.6500  3.397e+00
  0.7692    3.7000  4.560e+00
  0.7692    3.7500  6.439e+00
  0.7692    3.8000  9.773e+00
  0.7692    3.8500  1.638e+01
  0.7692    3.9000  3.019e+01
  0.7692    3.9500  5.382e+01
  0.7692    4.0000  5.942e+01
  0.7692    4.0500  3.699e+01
  0.7692    4.1000  2.078e+01
  0.7692    4.1500  1.269e+01
  0.7692    4.2000  8.497e+00
  0.7692    4.2500  6.110e+00
  0.7692    4.3000  4.655e+00
  0.7692    4.3500  3.703e+00
  0.7692    4.4000  3.046e+00
  0.7692    4.4500  2.582e+00
  0.7692    4.5000  2.237e+00
  0.7692    4.5500  1.973e+00
  0.7692    4.6000  1.765e+00
  0.7692    4.6500  1.602e+00
  0.7692    4.7000  1.467e+00
  0.7692    4.7500  1.361e+00
  0.7692    4.8000  1.274e+00
  0.7692    4.8500  1.192e+00
  0.7692    4.9000  1.127e+00
  0.7692    4.9500  1.070e+00
  0.7692    5.0000  0.000e+00

  0.8077    0.0000  7.653e-01
  0.8077    0.0500  7.478e-01
  0.8077    0.1000  7.142e-01
  0.8077    0.1500  6.958e-01
  0.8077    0.2000  6.979e-01
  0.8077    0.2500  7.362e-01
  0.8077    0.3000  7.352e-01
  0.8077    0.3500  7.135e-01
  0.8077    0.4000  7.332e-01
  0.8077    0.4500  7.794e-01
  0.8077    0.5000  8.174e-01
  0.8077    0.5500  8.512e-01
  0.8077    0.6000  8.680e-01
  0.8077    0.6500  9.470e-01
  0.8077    0.7000  1.050e+00
  0.8077    0.7500  1.184e+00
  0.8077    0.8000  1.354e+00
  0.8077    0.8500  1.585e+00
  0.8077    0.9000  1.906e+00
  0.8077    0.9500  2.337e+00
  0.8077    1.0000  2.918e+00
  0.8077    1.0500  3.794e+00
  0.8077    1.1000  5.123e+00
  0.8077    1.1500  7.296e+00
  0.8077    1.2000  1.104e+01
  0.8077    1.2500  1.774e+01
  0.8077    1.3000  2.949e+01
  0.8077    1.3500  4.359e+01
  0.8077    1.4000  4.697e+01
  0.8077    1.4500  3.712e+01
  0.8077    1.5000  2.519e+01
  0.8077    1.5500  1.690e+01
  0.8077    1.6000  1.187e+01
  0.8077    1.6500  8.828e+00
  0.8077    1.7000  6.885e+00
  0.8077    1.7500  5.595e+00
  0.8077    1.8000  4.679e+00
  0.8077    1.8500  3.999e+00
  0.8077    1.9000  3.432e+00
  0.8077    1.9500  2.965e+00
  0.8077    2.0000  2.644e+00
  0.8077    2.0500  2.433e+00
  0.8077    2.1000  2.271e+00
  0.8077    2.1500  2.133e+00
  0.8077    2.2000  2.023e+00
  0.8077    2.2500  1.955e+00
  0.8077    2.3000  1.860e+00
  0.8077    2.3500  1.741e+00
  0.8077    2.4000  1.642e+00
  0.8077    2.4500  1.606e+00
  0.8077    2.5000  1.581e+00
  0.8077    2.5500  1.469e+00
  0.8077    2.6000  1.302e+00
  0.8077    2.6500  1.229e+00
  0.8077    2.7000  1.226e+00
  0.8077    2.7500  1.222e+00
  0.8077    2.8000  1.194e+00
  0.8077    2.8500  1.154e+00
  0.8077    2.9000  1.141e+00
  0.8077    2.9500  1.156e+00
  0.8077    3.0000  1.158e+00
  0.8077    3.0500  1.121e+00
  0.8077    3.1000  1.109e+00
  0.8077    3.1500  1.143e+00
  0.8077    3.2000  1.147e+00
  0.8077    3.2500  1.104e+00
  0.8077    3.3000  1.111e+00
  0.8077    3.3500  1.219e+00
  0.8077    3.4000  1.353e+00
  0.8077    3.4500  1.503e+00
  0.8077    3.5000  1.721e+00
  0.8077    3.5500  2.080e+00
  0.8077    3.6000  2.570e+00
  0.8077    3.6500  3.248e+00
  0.8077    3.7000  4.288e+00
  0.8077    3.7500  5.941e+00
  0.8077    3.8000  8.860e+00
  0.8077    3.8500  1.446e+01
  0.8077    3.9000  2.618e+01
  0.8077    3.9500  4.852e+01
  0.8077    4.0000  6.193e+01
  0.8077    4.0500  4.180e+01
  0.8077    4.1000  2.337e+01
  0.8077    4.1500  1.400e+01
  0.8077    4.2000  9.221e+00
  0.8077    4.2500  6.554e+00
  0.8077    4.3000  4.937e+00
  0.8077    4.3500  3.888e+00
  0.8077    4.4000  3.175e+00
  0.8077    4.4500  2.677e+00
  0.8077    4.5000  2.306e+00
  0.8077    4.5500  2.025e+00
  0.8077    4.6000  1.809e+00
  0.8077    4.6500  1.638e+00
  0.8077    4.7000  1.506e+00
  0.8077    4.7500  1.394e+00
  0.8077    4.8000  1.302e+00
  0.8077    4.8500  1.219e+00
  0.8077    4.9000  1.143e+00
  0.8077    4.9500  1.088e+00
  0.8077    5.0000  0.000e+00

  0.8462    0.0000  9.112e-01
  0.8462    0.0500  8.932e-01
  0.8462    0.1000  8.491e-01
  0.8462    0.1500  8.149e-01
  0.8462    0.2000  8.416e-01
  0.8462    0.2500  8.910e-01
  0.8462    0.3000  9.007e-01
  0.8462    0.3500  8.759e-01
  0.8462    0.4000  9.169e-01
  0.8462    0.4500  1.062e+00
  0.8462    0.5000  1.270e+00
  0.8462    0.5500  1.527e+00
  0.8462    0.6000  1.900e+00
  0.8462    0.6500  2.408e+00
  0.8462    0.7000  3.161e+00
  0.8462    0.7500  4.309e+00
  0.8462    0.8000  6.125e+00
  0.8462    0.8500  9.255e+00
  0.8462    0.9000  1.482e+01
  0.8462    0.9500  2.469e+01
  0.8462    1.0000  3.878e+01
  0.8462    1.0500  4.839e+01
  0.8462    1.1000  4.257e+01
  0.8462    1.1500  2.990e+01
  0.8462    1.2000  2.010e+01
  0.8462    1.2500  1.409e+01
  0.8462    1.3000  1.030e+01
  0.8462    1.3500  7.873e+00
  0.8462    1.4000  6.287e+00
  0.8462    1.4500  5.236e+00
  0.8462    1.5000  4.521e+00
  0.8462    1.5500  3.914e+00
  0.8462    1.6000  3.447e+00
  0.8462    1.6500  3.083e+00
  0.8462    1.7000  2.763e+00
  0.8462    1.7500  2.501e+00
  0.8462    1.8000  2.306e+00
  0.8462    1.8500  2.151e+00
  0.8462    1.9000  1.993e+00
  0.8462    1.9500  1.849e+00
  0.8462    2.0000  1.733e+00
  0.8462    2.0500  1.659e+00
  0.8462    2.1000  1.627e+00
  0.8462    2.1500  1.621e+00
  0.8462    2.2000  1.618e+00
  0.8462    2.2500  1.555e+00
  0.8462    2.3000  1.403e+00
  0.8462    2.3500  1.279e+00
  0.8462    2.4000  1.261e+00
  0.8462    2.4500  1.259e+00
  0.8462    2.5000  1.230e+00
  0.8462    2.5500  1.189e+00
  0.8462    2.6000  1.175e+00
  0.8462    2.6500  1.167e+00
  0.8462    2.7000  1.155e+00
  0.8462    2.7500  1.139e+00
  0.8462    2.8000  1.120e+00
  0.8462    2.8500  1.116e+00
  0.8462    2.9000  1.114e+00
  0.8462    2.9500  1.096e+00
  0.8462    3.0000  1.068e+00
  0.8462    3.0500  1.047e+00
  0.8462    3.1000  1.048e+00
  0.8462    3.1500  1.065e+00
  0.8462    3.2000  1.036e+00
  0.8462    3.2500  9.952e-01
  0.8462    3.3000  1.078e+00
  0.8462    3.3500  1.190e+00
  0.8462    3.4000  1.336e+00
  0.8462    3.4500  1.515e+00
  0.8462    3.5000  1.754e+00
  0.8462    3.5500  2.069e+00
  0.8462    3.6000  2.497e+00
  0.8462    3.6500  3.138e+00
  0.8462    3.7000  4.117e+00
  0.8462    3.7500  5.694e+00
  0.8462    3.8000  8.440e+00
  0.8462    3.8500  1.366e+01
  0.8462    3.9000  2.449e+01
  0.8462    3.9500  4.579e+01
  0.8462    4.0000  6.247e+01
  0.8462    4.0500  4.435e+01
  0.8462    4.1000  2.481e+01
  0.8462    4.1500  1.471e+01
  0.8462    4.2000  9.589e+00
  0.8462    4.2500  6.764e+00
  0.8462    4.3000  5.065e+00
  0.8462    4.3500  3.989e+00
  0.8462    4.4000  3.253e+00
  0.8462    4.4500  2.739e+00
  0.8462    4.5000  2.353e+00
  0.8462    4.5500  2.063e+00
  0.8462    4.6000  1.833e+00
  0.8462    4.6500  1.655e+00
  0.8462    4.7000  1.520e+00
  0.8462    4.7500  1.404e+00
  0.8462    4.8000  1.310e+00
  0.8462    4.8500  1.224e+00
  0.8462    4.9000  1.158e+00
  0.8462    4.9500  1.097e+00
  0.8462    5.0000  0.000e+00

  0.8846    0.0000  1.347e+00
  0.8846    0.0500  1.307e+00
  0.8846    0.1000  1.208e+00
  0.8846    0.1500  1.158e+00
  0.8846    0.2000  1.245e+00
  0.8846    0.2500  1.373e+00
  0.8846    0.3000  1.640e+00
  0.8846    0.3500  2.287e+00
  0.8846    0.4000  3.288e+00
  0.8846    0.4500  4.966e+00
  0.8846    0.5000  7.810e+00
  0.8846    0.5500  1.298e+01
  0.8846    0.6000  2.242e+01
  0.8846    0.6500  3.710e+01
  0.8846    0.7000  4.783e+01
  0.8846    0.7500  4.468e+01
  0.8846    0.8000  3.261e+01
  0.8846    0.8500  2.257e+01
  0.8846    0.9000  1.615e+01
  0.8846    0.9500  1.199e+01
  0.8846    1.0000  9.338e+00
  0.8846    1.0500  7.606e+00
  0.8846    1.1000  6.359e+00
  0.8846    1.1500  5.348e+00
  0.8846    1.2000  4.591e+00
  0.8846    1.2500  4.031e+00
  0.8846    1.3000  3.549e+00
  0.8846    1.3500  3.157e+00
  0.8846    1.4000  2.848e+00
  0.8846    1.4500  2.655e+00
  0.8846    1.5000  2.512e+00
  0.8846    1.5500  2.316e+00
  0.8846    1.6000  2.134e+00
  0.8846    1.6500  1.998e+00
  0.8846    1.7000  1.895e+00
  0.8846    1.7500  1.803e+00
  0.8846    1.8000  1.733e+00
  0.8846    1.8500  1.669e+00
  0.8846    1.9000  1.597e+00
  0.8846    1.9500  1.528e+00
  0.8846    2.0000  1.412e+00
  0.8846    2.0500  1.292e+00
  0.8846    2.1000  1.248e+00
  0.8846    2.1500  1.258e+00
  0.8846    2.2000  1.267e+00
  0.8846    2.2500  1.273e+00
  0.8846    2.3000  1.263e+00
  0.8846    2.3500  1.238e+00
  0.8846    2.4000  1.201e+00
  0.8846    2.4500  1.154e+00
  0.8846    2.5000  1.129e+00
  0.8846    2.5500  1.113e+00
  0.8846    2.6000  1.086e+00
  0.8846    2.6500  1.061e+00
  0.8846    2.7000  1.070e+00
  0.8846    2.7500  1.107e+00
  0.8846    2.8000  1.103e+00
  0.8846    2.8500  1.066e+00
  0.8846    2.9000  1.052e+00
  0.8846    2.9500  1.086e+00
  0.8846    3.0000  1.084e+00
  0.8846    3.0500  9.993e-01
  0.8846    3.1000  9.331e-01
  0.8846    3.1500  9.135e-01
  0.8846    3.2000  9.151e-01
  0.8846    3.2500  1.005e+00
  0.8846    3.3000  1.094e+00
  0.8846    3.3500  1.188e+00
  0.8846    3.4000  1.329e+00
  0.8846    3.4500  1.524e+00
  0.8846    3.5000  1.761e+00
  0.8846    3.5500  2.068e+00
  0.8846    3.6000  2.499e+00
  0.8846    3.6500  3.134e+00
  0.8846    3.7000  4.070e+00
  0.8846    3.7500  5.581e+00
  0.8846    3.8000  8.242e+00
  0.8846    3.8500  1.331e+01
  0.8846    3.9000  2.381e+01
  0.8846    3.9500  4.475e+01
  0.8846    4.0000  6.252e+01
  0.8846    4.0500  4.533e+01
  0.8846    4.1000  2.539e+01
  0.8846    4.1500  1.500e+01
  0.8846    4.2000  9.744e+00
  0.8846    4.2500  6.862e+00
  0.8846    4.3000  5.134e+00
  0.8846    4.3500  4.032e+00
  0.8846    4.4000  3.286e+00
  0.8846    4.4500  2.758e+00
  0.8846    4.5000  2.365e+00
  0.8846    4.5500  2.075e+00
  0.8846    4.6000  1.845e+00
  0.8846    4.6500  1.667e+00
  0.8846    4.7000  1.523e+00
  0.8846    4.7500  1.409e+00
  0.8846    4.8000  1.318e+00
  0.8846    4.8500  1.237e+00
  0.8846    4.9000  1.161e+00
  0.8846    4.9500  1.100e+00
  0.8846    5.0000  0.000e+00

  0.9231    0.0000  6.100e+00
  0.9231    0.0500  5.346e+00
  0.9231    0.1000  3.257e+00
  0.9231    0.1500  4.617e+00
  0.9231    0.2000  9.765e+00
  0.9231    0.2500  2.003e+01
  0.9231    0.3000  3.639e+01
  0.9231    0.3500  4.776e+01
  0.9231    0.4000  4.252e+01
  0.9231    0.4500  3.239e+01
  0.9231    0.5000  2.445e+01
  0.9231    0.5500  1.882e+01
  0.9231    0.6000  1.485e+01
  0.9231    0.6500  1.188e+01
  0.9231    0.7000  9.830e+00
  0.9231    0.7500  8.371e+00
  0.9231    0.8000  7.144e+00
  0.9231    0.8500  6.140e+00
  0.9231    0.9000  5.378e+00
  0.9231    0.9500  4.711e+00
  0.9231    1.0000  4.234e+00
  0.9231    1.0500  3.859e+00
  0.9231    1.1000  3.476e+00
  0.9231    1.1500  3.117e+00
  0.9231    1.2000  2.833e+00
  0.9231    1.2500  2.628e+00
  0.9231    1.3000  2.416e+00
  0.9231    1.3500  2.237e+00
  0.9231    1.4000  2.088e+00
  0.9231    1.4500  1.985e+00
  0.9231    1.5000  1.934e+00
  0.9231    1.5500  1.854e+00
  0.9231    1.6000  1.799e+00
  0.9231    1.6500  1.733e+00
  0.9231    1.7000  1.621e+00
  0.9231    1.7500  1.487e+00
  0.9231    1.8000  1.415e+00
  0.9231    1.8500  1.370e+00
  0.9231    1.9000  1.324e+00
  0.9231    1.9500  1.297e+00
  0.9231    2.0000  1.267e+00
  0.9231    2.0500  1.238e+00
  0.9231    2.1000  1.228e+00
  0.9231    2.1500  1.241e+00
  0.9231    2.2000  1.269e+00
  0.9231    2.2500  1.270e+00
  0.9231    2.3000  1.202e+00
  0.9231    2.3500  1.110e+00
  0.9231    2.4000  1.084e+00
  0.9231    2.4500  1.105e+00
  0.9231    2.5000  1.121e+00
  0.9231    2.5500  1.095e+00
  0.9231    2.6000  1.040e+00
  0.9231    2.6500  1.014e+00
  0.9231    2.7000  1.044e+00
  0.9231    2.7500  1.077e+00
  0.9231    2.8000  1.043e+00
  0.9231    2.8500  9.675e-01
  0.9231    2.9000  9.535e-01
  0.9231    2.9500  9.824e-01
  0.9231    3.0000  9.879e-01
  0.9231    3.0500  9.580e-01
  0.9231    3.1000  9.498e-01
  0.9231    3.1500  9.949e-01
  0.9231    3.2000  1.000e+00
  0.9231    3.2500  1.013e+00
  0.9231    3.3000  1.102e+00
  0.9231    3.3500  1.198e+00
  0.9231    3.4000  1.337e+00
  0.9231    3.4500  1.506e+00
  0.9231    3.5000  1.718e+00
  0.9231    3.5500  2.034e+00
  0.9231    3.6000  2.453e+00
  0.9231    3.6500  3.075e+00
  0.9231    3.7000  4.051e+00
  0.9231    3.7500  5.589e+00
  0.9231    3.8000  8.230e+00
  0.9231    3.8500  1.326e+01
  0.9231    3.9000  2.370e+01
  0.9231    3.9500  4.446e+01
  0.9231    4.0000  6.252e+01
  0.9231    4.0500  4.561e+01
  0.9231    4.1000  2.556e+01
  0.9231    4.1500  1.508e+01
  0.9231    4.2000  9.791e+00
  0.9231    4.2500  6.882e+00
  0.9231    4.3000  5.146e+00
  0.9231    4.3500  4.044e+00
  0.9231    4.4000  3.289e+00
  0.9231    4.4500  2.764e+00
  0.9231    4.5000  2.375e+00
  0.9231    4.5500  2.085e+00
  0.9231    4.6000  1.852e+00
  0.9231    4.6500  1.674e+00
  0.9231    4.7000  1.529e+00
  0.9231    4.7500  1.413e+00
  0.9231    4.8000  1.316e+00
  0.9231    4.8500  1.232e+00
  0.9231    4.9000  1.162e+00
  0.9231    4.9500  1.101e+00
  0.9231    5.0000  0.000e+00

  0.9615    0.0000  3.921e+03
  0.9615    0.0500  9.315e+01
  0.9615    0.1000  7.690e+01
  0.9615    0.1500  6.069e+01
  0.9615    0.2000  4.967e+01
  0.9615    0.2500  4.199e+01
  0.9615    0.3000  3.507e+01
  0.9615    0.3500  2.799e+01
  0.9615    0.4000  2.225e+01
  0.9615    0.4500  1.802e+01
  0.9615    0.5000  1.437e+01
  0.9615    0.5500  1.096e+01
  0.9615    0.6000  7.922e+00
  0.9615    0.6500  5.288e+00
  0.9615    0.7000  4.648e+00
  0.9615    0.7500  4.153e+00
  0.9615    0.8000  3.766e+00
  0.9615    0.8500  3.432e+00
  0.9615    0.9000  3.133e+00
  0.9615    0.9500  2.889e+00
  0.9615    1.0000  2.687e+00
  0.9615    1.0500  2.499e+00
  0.9615    1.1000  2.326e+00
  0.9615    1.1500  2.372e+00
  0.9615    1.2000  3.084e+00
  0.9615    1.2500  3.726e+00
  0.9615    1.3000  4.235e+00
  0.9615    1.3500  4.508e+00
  0.9615    1.4000  4.529e+00
  0.9615    1.4500  4.458e+00
  0.9615    1.5000  4.309e+00
  0.9615    1.5500  3.962e+00
  0.9615    1.6000  3.471e+00
  0.9615    1.6500  2.886e+00
  0.9615    1.7000  2.221e+00
  0.9615    1.7500  1.567e+00
  0.9615    1.8000  1.305e+00
  0.9615    1.8500  1.290e+00
  0.9615    1.9000  1.267e+00
  0.9615    1.9500  1.438e+00
  0.9615    2.0000  1.521e+00
  0.9615    2.0500  1.526e+00
  0.9615    2.1000  1.468e+00
  0.9615    2.1500  1.354e+00
  0.9615    2.2000  1.190e+00
  0.9615    2.2500  1.119e+00
  0.9615    2.3000  1.073e+00
  0.9615    2.3500  1.170e+00
  0.9615    2.4000  1.603e+00
  0.9615    2.4500  2.030e+00
  0.9615    2.5000  2.356e+00
  0.9615    2.5500  2.488e+00
  0.9615    2.6000  2.488e+00
  0.9615    2.6500  2.466e+00
  0.9615    2.7000  2.388e+00
  0.9615    2.7500  2.191e+00
  0.9615    2.8000  1.888e+00
  0.9615    2.8500  1.535e+00
  0.9615    2.9000  1.182e+00
  0.9615    2.9500  9.605e-01
  0.9615    3.0000  1.003e+00
  0.9615    3.0500  1.186e+00
  0.9615    3.1000  1.359e+00
  0.9615    3.1500  1.499e+00
  0.9615    3.2000  1.576e+00
  0.9615    3.2500  1.629e+00
  0.9615    3.3000  1.644e+00
  0.9615    3.3500  1.642e+00
  0.9615    3.4000  1.665e+00
  0.9615    3.4500  1.680e+00
  0.9615    3.5000  1.709e+00
  0.9615    3.5500  2.082e+00
  0.9615    3.6000  2.672e+00
  0.9615    3.6500  3.426e+00
  0.9615    3.7000  4.491e+00
  0.9615    3.7500  6.064e+00
  0.9615    3.8000  8.731e+00
  0.9615    3.8500  1.375e+01
  0.9615    3.9000  2.409e+01
  0.9615    3.9500  4.479e+01
  0.9615    4.0000  6.263e+01
  0.9615    4.0500  4.560e+01
  0.9615    4.1000  2.556e+01
  0.9615    4.1500  1.511e+01
  0.9615    4.2000  9.967e+00
  0.9615    4.2500  7.173e+00
  0.9615    4.3000  5.528e+00
  0.9615    4.3500  4.468e+00
  0.9615    4.4000  3.728e+00
  0.9615    4.4500  3.168e+00
  0.9615    4.5000  2.710e+00
  0.9615    4.5500  2.343e+00
  0.9615    4.6000  2.017e+00
  0.9615    4.6500  1.729e+00
  0.9615    4.7000  1.562e+00
  0.9615    4.7500  1.555e+00
  0.9615    4.8000  1.554e+00
  0.9615    4.8500  1.555e+00
  0.9615    4.9000  1.540e+00
  0.9615    4.9500  1.507e+00
  0.9615    5.0000  0.000e+00

  1.0000    0.0000  0.000e+00
  1.0000    0.0500  0.000e+00
  1.0000    0.1000  0.000e+00
  1.0000    0.1500  0.000e+00
  1.0000    0.2000  0.000e+00
  1.0000    0.2500  0.000e+00
  1.0000    0.3000  0.000e+00
  1.0000    0.3500  0.000e+00
  1.0000    0.4000  0.000e+00
  1.0000    0.4500  0.000e+00
  1.0000    0.5000  0.000e+00
  1.0000    0.5500  0.000e+00
  1.0000    0.6000  0.000e+00
  1.0000    0.6500  0.000e+00
  1.0000    0.7000  0.000e+00
  1.0000    0.7500  0.000e+00
  1.0000    0.8000  0.000e+00
  1.0000    0.8500  0.000e+00
  1.0000    0.9000  0.000e+00
  1.0000    0.9500  0.000e+00
  1.0000    1.0000  0.000e+00
  1.0000    1.0500  0.000e+00
  1.0000    1.1000  0.000e+00
  1.0000    1.1500  0.000e+00
  1.0000    1.2000  0.000e+00
  1.0000    1.2500  0.000e+00
  1.0000    1.3000  0.000e+00
  1.0000    1.3500  0.000e+00
  1.0000    1.4000  0.000e+00
  1.0000    1.4500  0.000e+00
  1.0000    1.5000  0.000e+00
  1.0000    1.5500  0.000e+00
  1.0000    1.6000  0.000e+00
  1.0000    1.6500  0.000e+00
  1.0000    1.7000  0.000e+00
  1.0000    1.7500  0.000e+00
  1.0000    1.8000  0.000e+00
  1.0000    1.8500  0.000e+00
  1.0000    1.9000  0.000e+00
  1.0000    1.9500  0.000e+00
  1.0000    2.0000  0.000e+00
  1.0000    2.0500  0.000e+00
  1.0000    2.1000  0.000e+00
  1.0000    2.1500  0.000e+00
  1.0000    2.2000  0.000e+00
  1.0000    2.2500  0.000e+00
  1.0000    2.3000  0.000e+00
  1.0000    2.3500  0.000e+00
  1.0000    2.4000  0.000e+00
  1.0000    2.4500  0.000e+00
  1.0000    2.5000  0.000e+00
  1.0000    2.5500  0.000e+00
  1.0000    2.6000  0.000e+00
  1.0000    2.6500  0.000e+00
  1.0000    2.7000  0.000e+00
  1.0000    2.7500  0.000e+00
  1.0000    2.8000  0.000e+00
  1.0000    2.8500  0.000e+00
  1.0000    2.9000  0.000e+00
  1.0000    2.9500  0.000e+00
  1.0000    3.0000  0.000e+00
  1.0000    3.0500  0.000e+00
  1.0000    3.1000  0.000e+00
  1.0000    3.1500  0.000e+00
  1.0000    3.2000  0.000e+00
  1.0000    3.2500  0.000e+00
  1.0000    3.3000  0.000e+00
  1.0000    3.3500  0.000e+00
  1.0000    3.4000  0.000e+00
  1.0000    3.4500  0.000e+00
  1.0000    3.5000  0.000e+00
  1.0000    3.5500  0.000e+00
  1.0000    3.6000  0.000e+00
  1.0000    3.6500  0.000e+00
  1.0000    3.7000  0.000e+00
  1.0000    3.7500  0.000e+00
  1.0000    3.8000  0.000e+00
  1.0000    3.8500  0.000e+00
  1.0000    3.9000  0.000e+00
  1.0000    3.9500  0.000e+00
  1.0000    4.0000  0.000e+00
  1.0000    4.0500  0.000e+00
  1.0000    4.1000  0.000e+00
  1.0000    4.1500  0.000e+00
  1.0000    4.2000  0.000e+00
  1.0000    4.2500  0.000e+00
  1.0000    4.3000  0.000e+00
  1.0000    4.3500  0.000e+00
  1.0000    4.4000  0.000e+00
  1.0000    4.4500  0.000e+00
  1.0000    4.5000  0.000e+00
  1.0000    4.5500  0.000e+00
  1.0000    4.6000  0.000e+00
  1.0000    4.6500  0.000e+00
  1.0000    4.7000  0.000e+00
  1.0000    4.7500  0.000e+00
  1.0000    4.8000  0.000e+00
  1.0000    4.8500  0.000e+00
  1.0000    4.9000  0.000e+00
  1.0000    4.9500  0.000e+00
  1.0000    5.0000  0.000e+00

